1948000260
828145670
213852168
221780652
503898126
170237970
238444563
42967064
26992668
416776224
385581094
985153584
91627573
635535414
211755069
468762687
220799041
786382916
67600453
739549254
364019786
70533195
423821388
108212009
272203854
290242643
341327958
973176920
367343945
379371616
575733861
367362150
279625832
334184557
431153265
633053300
319832184
342392954
433807489
586203267
170500234
311271563
393650316
844701841
300114067
819642522
422707360
1525809313
2227789988
555262119
1129144490
991499634
1520589512
26378422
426819771
319676606
34267331
565665988
71909574
304693449
1378672842
1014014156
321528013
267583697
363315412
49873110
79372503
35946715
548902266
477118696
600383725
175530226
64217337
419234048
865362180
59334926
511025426
421634324
136143130
1368178975
440500512
572039474
2213298486
71090492
739435914
722829630
59572545
374645059
47808840
322404683
608510288
430317905
29548883
110297436
333242718
525926754
141738339
378274152
948756846
560439663
343613814
399745403
64856449
386880918
1022853510
612237704
337240457
326476170
494395788
376840589
1250427283
276070804
232669589
54714777
1220338074
1321525598
595919263
459776416
255050149
309240233
420512172
65667503
713127326
431161784
1223393724
307429824
874734018
2256224709
296010186
470450638
377602511
116957648
20480469
62819065
205021656
453558747
1113825758
298164703
1265213924
146964967
2157380072
576709098
479260754
1335293352
462979589
71483924
415932952
635806238
292233762
259047972
117522987
1892180527
248365616
415908401
463372852
36223753
148374074
509641276
567419455
595935810
329122371
363976118
764234508
368977335
69198412
262283854
755907342
335700572
43696733
412746336
459719265
321151589
560765713
1535795821
501236334
619537853
879119124
479828589
456270467
257368712
221553293
328254098
52880020
178143894
172786330
451946644
1069548199
538591915
1013637804
54808305
66929342
787874498
633103043
385663690
31236811
167944910
498531108
853394138
33628896
1235682025
113258212
2227888875
611246828
376439541
1081344762
206570244
316842760
242565899
1378427660
234873616
560451715
162947860
379776359
566747934
520676128
436347682
366863142
569205554
308142900
280834267
480828212
116818753
21668677
497485281
292889426
396092245
1519913785
494256986
292914013
295437154
380560230
716868412
204505963
536641683
339936116
2168267641
36373371
1465574268
942318462
194560905
327992205
85296016
392643473
471573397
1611670422
412779415
95126430
52143009
314311593
371041200
555754419
287179701
62423990
92472248
322881012
572859323
781673407
1273152452
1258283976
289555403
371409871
506307548
401057274
262497248
84427749
1623303145
355106983
602153976
266765306
20382716
349766653
565994500
480846856
585218904
419783706
351609884
269091869
415646751
293831713
65806513
64248502
539665464
412460089
377709628
263398468
41829451
48765640
152257613
161596494
191218768
1433486419
366470233
37037157
112190567
1949901931
472417391
339256439
1180282440
433063033
1604002945
308757634
328180868
355935368
426158957
966976658
796384110
74597527
750560408
451937434
596133024
270091427
50513061
470262951
242533552
534996146
55461047
227443897
423822529
512492738
379887820
847520971
232744141
38757585
347948246
595944664
1206764761
245974566
335668469
470450388
389498107
516670721
323585283
423699725
501466384
50129832
412372741
1328446340
1301923104
68887842
265004323
455001380
1499514151
372644744
1255138614
831841596
961717568
555066692
270845259
210945356
487007565
185091406
176350545
66594134
2155480407
417604958
997631328
350635364
439739750
108823920
117515639
42419580
554378627
19629444
755361157
822547634
397944202
232121748
264537498
19727773
45745567
498132390
375686580
557213111
251389373
202892735
177915341
552379861
813245912
50865626
320865755
1877501406
256652665
366683616
2294523361
317842919
414033393
926082548
255813114
18834945
436168194
551413253
420759047
402261512
258893331
2227635734
581273121
233416226
370943526
241141288
628188714
514868779
364701233
86156881
367945273
717006397
2159633986
324765255
1705068104
85124684
322963021
399771215
398805944
1510827620
246851168
2324932196
107333221
461858413
635758192
453125747
382518900
876734071
499459705
400295549
245646984
29189769
210593419
567387789
70280846
379512464
130238097
248301208
428451487
2353809057
607790763
480167596
404399789
330647219
340610197
377579190
417212090
618397983
45672125
770639552
411757515
407201481
1090586317
188417746
445589206
126904024
451102426
370460383
168388322
230667899
384902887
1132316395
989718254
636520061
491513584
385174484
172123903
79464194
1085130504
110520078
391104271
453338897
1486243603
577638702
132695835
559163168
900925218
274622246
809289517
40240951
397264702
123438911
58320710
360228685
327231310
158558031
406579027
222242649
350398302
277694306
339231036
805717867
335710063
287876976
2369880382
1318725494
2407884667
297691008
326330246
449267598
565626767
399763344
391808916
635758489
302163872
126150562
437782437
410118056
251778716
55240621
571793141
59230134
837732282
304572347
410249148
1123461056
807978956
410429389
100313038
1583753186
570533859
552388580
116525031
256206827
344172524
1022871535
93030385
605964274
911378420
131709086
142026743
257689593
217212926
225585159
449284105
930711578
227071663
402296999
326887460
276736041
471214123
325838892
1507190833
446357854
328092681
827328572
1287235652
1169950790
818833482
1417717836
25667663
180158819
902826068
420063323
1279133370
64514146
115804259
168863846
1343531118
300009584
362301562
319875198
1274194968
1146451651
342796436
25348246
391121051
1068984487
552839947
499034281
478062766
428481565
1064269512
962783418
326528031
248735932
377579710
959891665
83855571
382986452
35834072
605628637
271730916
314706154
41666795
326330615
230091002
1566722300
166381826
444393731
349366550
221530391
215517465
627280157
634767648
52816161
433875238
506226984
408570162
825289016
454773052
534653246
18401601
1564576076
747956562
467102039
421505369
25856346
187410785
213117283
783100260
274286950
899057708
240863601
312248690
756083
36170106
344312187
420546943
355019139
1191922052
199534988
517843346
332024212
242403738
896461214
735775146
126962094
1063964017
902965680
529762749
623307218
1332619734
713230808
14248409
475417051
415107548
1661438430
844786146
354912746
73230834
223270654
1688119813
300558856
118835721
239666946
342534677
858663446
578521628
593259038
586893855
452553250
142780964
488032805
328665638
924174901
233802296
260912906
159148612
546736709
558206052
540879451
59599454
21776992
725108396
1384745587
358484601
474608937
162933376
52865666
109726341
397666951
72084105
787745418
570436235
234957455
486369936
75631257
377427738
564808350
66276001
292719267
387197604
505342629
179367025
436325033
280840876
142477998
621111983
261802673
57698998
439438020
357231302
466184904
343886542
146189010
628796115
145779412
377440982
333138651
759532262
286714608
1431530227
780339956
430852853
519072502
426248953
954002179
545426187
366693132
142135768
31566610
77294356
499378966
1078373144
966994728
1093897003
350489388
1413212976
334859057
423881529
504220475
1556958012
2227071805
246516543
790113098
87313228
620489552
25144149
464251735
555232091
262957919
424782688
63228772
843795302
58796904
346237801
805735274
1495894891
454536045
509029230
352627569
379104117
1154435958
341216126
369806207
262335366
514976651
300968848
431115158
1468771231
821586848
22784929
1345014690
23391140
1282026408
443173805
996412334
184904627
542952376
623233984
346893253
471215051
1031650466
1681828820
547785685
309283803
258165730
32115697
264956914
349735925
624290806
781904888
403794939
403753980
377031680
2159004673
337390596
383855625
783272972
529345552
426167317
633220120
1836829722
337456156
448400414
108710943
292121632
37792807
110496811
743869484
1107012654
50916401
1273146428
1335299138
499010629
594837932
454417592
1191644245
373058646
245469728
338676827
551824484
378014828
227855470
992070768
42568817
724315254
296914044
354323495
528141447
114366316
475311248
176204947
58715285
21533209
2259897498
442453151
1300647072
415599781
394792102
330615990
477326520
1274129598
14806209
357633218
501411013
207152517
322317513
420736203
380726476
1357008080
8768722
84634838
449187035
471731421
414436574
114896096
417443042
307965155
394071275
489868526
448474351
598060272
1370311921
15101175
547220733
501296387
26340613
445730060
105229582
67955985
249433362
620263299
340405527
16321818
16321821
225628720
1877945634
737938728
381064742
335342893
366705885
19001870
423415106
46501187
391499076
943903286
924536137
403115343
824184144
286027095
1269523002
454356318
400493924
988212583
1275891049
177638763
2382646640
97578353
480931186
379809139
702115194
421596539
1546956157
851676547
244100485
373730695
457928072
518147468
720637328
475499921
320589202
97193367
24415641
94465437
1209838832
498478498
548826537
433843626
473558443
626904496
403664314
485312374
1434144188
441994689
836840899
515861956
615787975
15175113
495209933
451792334
263728592
723082488
327093714
227336782
375729625
861908450
1526746596
400821744
448327155
532671998
628870659
305188358
705130381
55438857
404475402
152038926
1100034648
934620691
59193262
109366815
377761312
186134059
619785775
1532415536
34147889
256069170
506957372
513936959
9154112
1892229728
439717446
549695048
537857610
459501131
840232524
61566542
252161617
186281557
799026776
385519195
21950044
1254510174
283209316
291917416
620965481
44183146
39415403
389222000
47181427
1616227957
1977265783
829574778
38456955
114503297
85659268
1084919437
758222478
232706669
299437715
430886549
787353241
182521501
360279713
755789479
2327801516
298602162
561543125
308186811
1055354557
90271424
231354049
419753670
70782665
1004801738
164302546
722898656
159010532
1682009833
450989804
1289899759
81751793
157757171
458067706
521015935
790458108
452570879
454635269
1638625032
631172873
544059150
375697167
1129631515
53833505
2260741926
745746216
335441705
340758331
783576895
634613569
705204036
783732560
465022801
44199763
69095257
1112534874
482471771
1228410716
526987103
822050107
251236197
160952169
454422380
552226671
1413721974
128216953
617885565
230297477
856303596
262360972
431976333
351973263
252850065
323964819
428502935
710700955
905129886
479694751
313605446
1368666025
850087850
615255983
400248752
16568241
787754930
32575433
261320650
603402189
65089492
386781154
386183139
567627753
840888300
330649584
451153914
363958268
261361661
46788607
914919426
261443591
221949960
1482007212
331869527
2148995085
117461006
340422671
16363540
274165784
28823577
921899035
193155102
463884327
207138856
1135539750
2515604146
23359535
369586225
588034739
580350006
187740230
516042830
384487504
96399442
219066451
251424856
276172891
813503162
385716320
351842402
2334978148
91246694
593023079
508293224
439856487
1671581809
121860227
439359511
1115189388
926445709
600223890
409047188
70045040
762540199
625169095
26841261
261238958
355274928
299405491
1038733494
132583610
574755005
81965252
469853573
1285099722
231215308
299372750
35836111
68006100
1318998230
451662043
278065375
230248673
1454616804
453538026
551873917
580309240
344469754
2188030210
319435013
290517255
1049536556
19009802
162574603
963113228
415886723
825200917
714354984
117526827
364310829
260952366
355340601
443076922
259295285
126382407
381718864
18198866
103625044
62443864
341807457
716525923
395038097
368619882
428298603
299143533
895570286
574819746
339980656
503722356
420082040
381686143
907211137
512733574
545476999
231904025
1717907863
31420832
403009970
751800756
237990326
249909691
406663613
394293694
348099009
911503812
268652997
487077964
202469836
369765794
317370834
364671446
452498169
722465240
1613533657
1325904354
341307876
556577258
376361457
282587641
1170420222
152384002
855708164
886592005
410374666
338588174
423102752
135254544
14570002
2213433875
339636756
149000728
701321753
130568736
247035822
520032809
523645483
100047235
407376432
2276684340
249016886
127644216
1074819648
2278314566
626086472
513951842
48763478
598798936
710955612
500272570
425529951
295326304
262488848
463196774
448426605
429445747
601477751
347665020
933155455
237933188
1228542600
526504588
836063886
783142339
1338946196
59019927
974847428
383963805
484536990
843641516
516510493
630796976
48157361
270693042
31609523
1034703540
64328374
41620153
355775162
651963
283816640
33018561
415142597
424540322
495047368
191337163
329847512
727593690
1871999708
354423520
206353121
853562084
384537318
385471211
412791535
1068282613
468062969
557257466
1437364994
339997443
426111749
449319690
352736012
212071182
287945491
351335193
28709661
12522272
123081520
39908130
363049765
546943786
435483436
594068274
316773168
65098547
34337589
1136300857
238695226
747221826
315257671
347624268
2361611087
364606289
1005523795
479155028
129940964
66532187
42906460
1155191648
1456575332
231682919
728560488
42546031
842265456
50320242
44225395
15684468
631482516
17314683
38597506
51944939
15602566
34755465
167572364
380662672
807990162
74814357
228127641
2386023326
792301040
625611692
44463028
54720670
611423160
203068349
437097412
23491526
21140427
551532706
812250067
1112568788
924259286
397554649
90264540
1055790048
499086313
250278892
303420398
250442735
459854841
1311347707
284578814
915477506
1232802822
264541193
1722389515
273159181
2329269266
463614997
2319414302
549647392
576680996
100897831
280761180
163533867
889402418
45470777
1522634250
731706432
221844546
1936176200
1311822930
993145940
1578275360
27825249
595047522
334845034
118854763
283260016
1032041587
423081090
125228166
52556936
318059658
29619340
133060802
572724368
1681577106
717973
20190364
1315583143
360239986
70538418
770634931
981365941
214635703
380466362
385701053
834139326
235328703
1063425216
96687299
715412676
53302470
63370441
894670027
508024014
230323409
339342547
1035211988
1090393315
335484136
256099196
626701549
79361262
49198329
16463107
499242246
40219913
427128074
447648642
362231054
198595856
256723160
453670164
278320408
2381223194
1487566723
63845667
1154659621
2465306844
285177136
15381827
805467463
383857997
256349527
1661031768
50476377
445961104
454464866
478336355
311727464
464205164
539530608
829846897
239179122
1905628531
500086135
476059001
1270330746
51459457
345167235
263886213
29422988
940209558
462624153
1098864026
349877661
165451166
11007392
523539873
249304485
524694952
239244714
933418416
384085576
942904758
2238340681
425487947
57791944
805008841
406554871
269153742
549615055
750671316
791498318
412718556
270095840
727594465
590616035
112563685
397456873
627512810
971404784
407229938
479122934
371303337
1296553464
568694265
260150778
1308825092
1041423830
473486857
30144012
391706132
584330980
251844193
373429793
323638818
498447909
48281126
554702379
434533936
328226353
569521721
139695675
2165651008
333682242
297096773
346928714
67664143
421453413
22869601
266819171
338572903
58611305
260552298
316520043
265483884
103609967
456070770
316659316
1216362103
167179899
278492796
372938368
556349059
60298886
466081422
118806166
30381722
496588443
351024796
700077727
16299680
385250978
457119397
55735983
820459184
870323894
356726929
930617017
521844410
230971069
2278141557
375433504
1217451715
294876869
467752648
26530765
633067217
342447842
713709284
939210470
633452272
913282802
423811370
2196387582
478328583
47691530
542758675
805312279
563353370
34469660
1626732318
311662376
452523817
26908464
178747189
38467384
394450745
346380094
359765834
335345484
509409102
290068304
1249580881
513505109
54296207
378271585
18962278
284366698
450033516
52156269
478271342
357316463
715519858
602158963
26924916
626022261
307541879
1360353146
543192956
2254763901
115065835
442242953
257070987
1216296847
588699536
32765843
207296404
195606425
422877086
926300072
64911278
328349618
336328628
1337907127
829872056
504805306
548661593
236967872
85407685
499251151
818599891
831813589
15005656
245577690
1112405984
347469796
1708611558
624359401
455366635
926337362
86333422
356513775
793016305
816224244
257531561
452376580
112539666
2198493529
426940446
517011491
40114214
500406316
1015306298
33265725
353785926
585709639
2153609288
785202871
33405004
512832525
1240315986
515094611
114964567
175650904
21166177
274847843
275069028
344397931
61568018
104249454
165533810
75356276
488814710
37279868
99054613
727333003
21133455
605878417
634828950
42981528
437614750
755488927
189782177
276322466
1556609191
1409136810
1641445548
1053341874
423090357
432855226
93812926
985602242
275265731
786036932
445831366
1151613139
49977558
506542299
505010396
102447325
505141471
952293600
993728738
230463716
1401093841
436025577
556325102
341668500
270037993
705018103
521459961
707959034
410401019
171792637
75282696
470482680
284317967
136919315
635169156
551633967
636632876
270670122
44185900
1852920882
123156787
236624181
32242057
100096315
352418109
16535264
54614338
441899332
419240263
60770700
383785295
1260468560
273439057
361044307
26842169
902969689
1866103183
445954401
188561770
424589675
558807406
1585633650
385776001
863140226
925776259
993794454
1398634886
295188871
467925384
283867529
17701258
335526284
597727630
537885071
746256787
522656150
1306313796
41474458
350362011
375363997
328056560
635563761
1090550185
56383923
162126261
329219828
388291007
425056713
191258359
517028301
466737617
62478803
708319700
258611669
515717590
136124889
164338144
2180569571
532707812
364321254
100833768
50207209
2216745450
15407595
336878071
477043193
446740993
537631235
434519809
1028528653
421542414
477813268
1167923736
920148506
1305799087
443791903
453573152
461453859
42719794
379584265
429898297
483260988
1119877693
284760501
276281922
471547660
14342733
987748951
315464281
539761248
397662829
322165359
611687030
373496439
366959229
396720767
32963201
459314283
32684679
447298190
1700625048
355064486
630004391
397376169
195910316
225090222
179149487
1697700528
312253110
101423802
191478460
273693374
47446723
1411750597
1603459784
266541770
624351947
117988044
1511955152
327621331
36887253
392699684
89012954
33520350
19675872
318053091
67764006
378911470
339221231
255417076
522719017
339434234
536034044
267049429
118299392
124885765
91437831
823835401
1959680778
726244110
595966737
338869013
16268054
499440407
426785564
390527780
2158721829
950319913
572358450
748460850
631503667
311057204
496614199
104004409
421444413
616520511
563714886
95460171
558308178
552868691
500284245
362240856
414006106
531856229
478788454
1322949481
824212334
20233071
309746544
420068214
414431721
350993275
45972356
844585861
545563907
56523657
1653799820
334371725
611908497
416644931
585981766
49724329
441342892
491723693
408705968
412326834
922126837
455048133
344243144
503872457
1201978314
440507343
1018829778
540452003
411966426
944564204
31203152
1938775015
298179561
292076528
1527274482
357776371
505351403
448519164
510295054
1244707862
490450777
31013914
29531165
294911015
1549761577
977058858
328389810
255784115
54279220
64543801
549657659
543702083
809712708
2481544264
240532558
1026852025
414481496
346266713
217865306
760609891
613497959
731167855
268844150
274177143
27729016
134921337
350981871
223927431
342916232
326573194
2377227404
830127258
251763226
108739744
1029659809
517160098
863968422
708148392
525876398
351853745
104260809
1129274552
178109630
231914688
349502658
843994315
67181764
415194314
878943438
129375440
259538129
552770773
322264283
236600541
463142111
465599718
134939857
516889835
270040301
721009902
386063602
65813747
299482358
510999799
2176670968
1912503547
456957182
1706991684
499465479
731888904
30088457
266951948
1917771030
66518296
621198619
328236316
565050653
1897438494
401465222
320494890
339696942
758889776
616725811
1318632763
627171210
415030595
522485062
2246040906
613014859
1449278797
514854339
53697871
628479203
178322773
442939961
211909983
519019068
584277354
919838610
261217648
355900787
342424950
434838079
16366972
65289597
295918979
478207368
258571660
543088020
318086551
349281690
419118498
634191272
199925161
1242357162
207527341
846233011
315830174
317570487
1295639797
30080450
162733508
516931020
418209238
542949285
220208610
257727971
495197668
272735718
861511147
455252315
549518842
175201792
1145880073
322919952
414998035
353410586
350936605
1332821540
411745829
481525291
2250972716
325623341
537722414
477830706
319716918
632249911
17022537
200351318
264937048
1483857498
150265786
834379358
1149451872
1373322852
18824805
519716461
620609136
822124153
352878217
69737069
131292817
66068118
273088151
45939311
199507614
463290024
494460585
431120042
414015147
546447023
66936503
720568002
49479363
1062338244
61210309
365108939
564174541
486186705
30369059
1455439573
500039392
580230881
614801124
596916861
75693808
724836084
57106165
78667510
32206059
317225601
493641467
587669249
620584706
757645063
23650057
16154380
2458640145
423868018
532684566
97304351
350551844
343793446
15941420
627072818
58974008
166403903
413474627
2291425094
338335970
17014603
584859468
336375778
18964304
740003864
345653080
182995874
219430753
887899452
441327469
869523318
274272233
371064697
279814013
364681853
465272705
415235974
72163208
1009872876
1250369418
1552293775
263405458
18448279
445317020
590405537
1406468005
181780390
492511146
177078187
466673585
354549685
502333369
469499834
421437372
403079104
14360516
145063883
1027784652
554909646
556408787
757759956
531791830
263782362
473047004
88260578
1290387427
1442381796
58261486
442105844
258957310
