44
17
1
126
40
26
5
30
191
0
15
12
13
1
4
31
26
12
13
29
89
10
31
9
26
8
5
30
42
6
24
2
20
16
16
11
20
13
3
26
69
49
18
2
30
12
20
11
37
55
85
10
7
29
26
17
365
1
15
55
10
12
18
6
1
55
5
1
18
17
51
243
70
25
23
5
48
5
3
20
44
10
20
28
13
1
19
1
3
2
13
23
6
84
26
10
1
32
4
30
20
13
12
2
47
16
17
33
10
100
12
10
35
13
35
27
85
39
15
9
5
10
27
52
18
19
44
4
12
6
10
56
34
9
8
29
8
3
24
36
2
57
0
20
5
46
43
14
44
65
162
8
0
32
15
12
2
42
7
11
17
12
7
21
82
25
80
20
29
0
15
46
10
3
37
4
3
29
53
48
16
12
0
14
2
17
3
26
7
11
27
29
2
27
16
20
16
36
55
6
68
27
23
11
9
48
1
30
33
54
5
30
13
3
3
1
14
7
5
8
18
2
44
10
60
5
46
0
14
34
25
50
6
0
1
7
13
2
72
15
4
10
10
73
24
58
59
11
15
21
44
110
8
0
36
48
5
22
25
9
3
34
3
14
2
1
6
4
20
35
15
87
17
39
58
4
25
14
2
1
58
33
20
7
29
49
36
13
7
15
2
3
33
154
33
7
69
40
28
53
59
3
77
7
6
4
1
32
19
6
50
18
21
5
78
28
18
87
0
7
34
44
2
23
5
8
94
36
33
59
22
55
19
52
7
8
17
24
5
29
34
28
42
96
64
20
22
3
10
26
54
41
16
15
86
12
45
2
7
14
40
7
21
2
9
4
25
15
3
31
12
2
44
8
10
18
11
107
3
4
12
1
30
7
28
27
6
0
6
8
62
38
16
42
3
42
5
5
30
10
19
38
30
19
57
53
22
104
75
130
355
1
41
20
8
2
15
36
6
2
12
36
50
1
46
4
30
14
37
19
10
6
5
40
8
25
17
7
37
21
43
13
83
12
33
22
34
80
16
19
32
50
68
1
41
26
32
1
41
9
74
7
65
19
0
22
13
403
59
18
23
9
1
11
47
2
14
2
10
43
1
1
11
14
14
36
22
60
6
28
4
2
37
13
14
2
70
20
97
36
37
71
3
18
4
38
21
11
35
36
14
77
17
32
42
116
19
7
11
69
2
61
23
4
20
62
31
12
13
1
44
2
16
2
24
19
4
1
20
37
11
20
7
32
26
3
15
25
32
3
55
9
27
32
21
4
20
6
67
13
58
25
0
46
11
6
8
10
5
59
11
30
13
9
1
10
6
9
8
0
16
82
77
24
11
10
26
21
24
12
45
10
24
8
32
47
5
56
13
2
54
22
32
17
32
30
1
5
29
15
80
15
2
1
17
18
51
29
47
61
3
73
42
43
47
113
9
19
30
3
39
20
4
17
6
71
2
7
10
12
53
44
28
60
12
16
96
4
13
12
17
31
2
25
3
25
17
9
21
56
25
45
8
87
3
29
13
0
28
10
96
13
74
2
62
9
22
12
86
38
1
54
2
58
142
156
73
1
0
27
7
1
14
123
3
2
9
17
20
13
81
90
3
8
4
25
22
5
5
8
0
11
18
13
20
5
2
40
11
43
5
85
7
11
3
33
12
15
8
12
88
71
13
0
6
5
52
129
31
10
27
13
24
11
6
97
62
12
3
4
47
24
2
27
10
12
11
4
17
4
95
4
7
22
16
8
13
7
3
100
13
44
10
14
7
96
10
29
74
60
12
107
61
14
34
11
33
9
109
49
11
46
30
5
6
2
5
4
28
11
67
1
23
47
21
0
9
5
25
34
53
0
47
33
50
6
6
78
3
13
41
34
21
4
84
29
7
648
29
2
2
7
1
6
77
3
1
46
7
26
19
19
10
19
3
150
6
28
12
18
6
10
26
22
68
8
52
54
46
3
8
175
3
4
23
6
5
24
4
8
36
29
0
0
43
86
9
8
16
19
0
48
16
34
8
62
7
26
19
3
42
9
24
21
12
7
11
27
3
37
13
2
20
11
85
21
55
12
2
0
50
0
102
10
27
61
0
17
31
32
9
21
34
8
66
36
7
21
9
91
3
15
22
13
11
20
81
4
8
14
59
9
64
5
39
89
14
13
15
9
2
11
2
4
2
17
49
84
42
121
9
54
11
2
5
10
9
3
15
1
4
3
44
49
17
55
35
4
57
6
8
56
3
6
38
12
8
11
13
29
67
24
6
15
26
19
14
52
41
6
64
11
10
5
20
48
5
7
6
3
4
32
23
29
7
7
50
17
1
11
19
5
48
56
9
10
47
10
9
29
43
22
40
28
35
5
10
12
5
32
65
17
51
49
102
33
15
28
0
15
14
2
91
17
23
12
4
21
34
29
110
9
4
7
33
8
5
26
3
7
11
4
4
16
54
6
5
91
0
26
11
31
4
15
6
69
11
3
13
4
10
65
5
7
78
8
17
77
25
31
17
8
22
3
19
4
17
41
2
48
29
74
4
7
41
95
33
11
41
22
21
9
13
55
80
4
27
11
35
52
0
1
10
22
22
14
83
15
33
7
31
17
21
79
121
724
27
10
7
16
12
96
40
0
38
46
26
56
42
28
0
28
45
44
9
2
4
64
113
16
33
94
6
4
22
19
27
6
56
21
3
80
11
5
8
30
31
38
2
10
99
18
15
7
20
120
63
30
3
82
5
3
19
5
2
38
17
55
75
57
0
12
87
30
8
27
5
1
14
7
70
38
6
39
27
24
9
26
26
4
6
2
34
4
3
26
15
32
193
33
13
7
6
6
9
38
40
3
0
19
3
10
13
18
3
10
7
0
31
22
39
51
27
26
31
51
19
3
102
2
21
14
24
47
1
10
18
1
0
53
5
41
19
3
47
3
6
81
47
18
29
132
5
35
10
5
5
9
5
8
13
27
14
23
50
22
17
19
10
55
44
13
144
33
22
65
35
2
4
25
8
18
52
18
30
7
10
16
29
3
2
4
12
43
19
3
11
18
6
7
27
26
32
3
28
61
23
26
72
1
9
104
1
42
20
26
43
1
28
18
43
46
16
10
31
49
30
81
54
48
15
1
1
22
28
3
25
12
24
19
20
41
13
34
33
20
34
82
1
13
4
14
9
65
4
8
1
10
34
69
18
39
22
5
7
21
30
12
8
9
18
50
31
3
23
33
6
158
71
1
13
5
4
19
7
80
16
14
15
59
44
3
28
2
102
40
12
99
37
13
10
15
9
13
20
6
30
2
41
2
34
18
41
25
6
23
1
2
28
2
29
72
124
41
4
73
33
14
20
7
14
9
52
0
43
10
16
7
18
8
31
52
47
16
17
15
25
9
1
24
8
5
57
0
28
11
17
5
2
8
128
35
21
73
8
1
42
4
50
6
12
34
49
5
34
14
31
49
8
2
5
28
9
2
39
15
7
70
80
6
97
16
78
1
155
9
2
55
45
58
12
8
49
23
44
69
71
136
23
26
21
6
47
36
53
20
5
7
52
4
22
23
7
30
9
27
4
12
4
2
20
6
7
55
28
21
48
0
10
8
4
28
28
45
5
14
71
24
104
9
50
14
1
29
216
49
57
0
43
96
55
5
47
20
41
3
17
14
18
6
35
3
51
90
43
19
11
2
142
11
9
7
10
20
11
17
87
82
44
17
6
113
36
6
65
0
54
49
0
26
8
10
4
52
2
74
14
13
45
8
3
17
22
4
27
12
4
23
89
35
60
10
25
26
19
20
60
10
41
46
7
9
14
15
15
22
19
8
56
4
22
3
47
27
69
4
24
33
26
6
23
71
22
47
6
1
78
33
13
