Latitude	 Longitude
42.09046478	-76.07809009
43.20713891	-77.73194787
43.02840656	-77.62671777
43.25932228	-77.69602434
43.1462821	-77.5592674
42.9329355	-76.5688695
43.0279826	-76.1487712
43.1306785	-77.6440143
43.19309166	-77.62685196
43.035234	-76.13928
43.035234	-76.13928
43.21397677	-77.66989039
43.10498584	-77.6085809
43.1462821	-77.5592673
43.0214004	-76.1532254
43.05125277	-76.23725218
42.07897995	-77.04699503
42.25519417	-77.78977265
42.59367185	-76.19272636
42.59479001	-76.19402201
43.16414903	-77.3416087
43.15944911	-77.59329728
43.14894605	-77.57630725
43.0855673	-77.6681389
42.59314206	-76.19262731
42.99678704	-78.20735316
43.2190717	-77.4739729
43.03722848	-77.70551827
43.04015913	-76.13428504
42.90436957	-76.7978518
42.255833	-77.788564
43.129501	-77.5985805
43.10486652	-77.61131857
42.44150182	-76.47852879
43.0748804	-76.12288993
42.79527604	-77.06526051
42.65655638	-77.04890335
42.85516174	-76.98265068
42.14001683	-77.05504928
43.20894537	-77.70312127
43.09437393	-77.61051133
43.2629731	-77.709909
43.0868314	-76.8803796
43.19265386	-77.58706263
43.15842333	-76.37143322
43.0855574	-77.6681817
43.06114744	-77.56341103
43.10453205	-77.60827322
43.0150054	-76.1531015
43.14739186	-77.75478492
43.0280142	-76.1488903
43.1861815	-77.616399
43.22857585	-77.72942738
42.23851317	-76.84356634
43.00560005	-76.20109398
43.02995889	-77.62775436
42.10549878	-76.26630966
43.04690474	-76.09030429
43.20366376	-77.49674891
43.1704222	-77.6575892
43.1364971	-77.750941
42.56407942	-77.14168101
43.0098254	-78.19537756
43.28021167	-77.91542685
43.10353812	-77.61086245
42.87252685	-77.24372527
43.13552954	-77.67746063
43.09099113	-77.64012076
42.59282066	-76.1928179
43.03635046	-76.12881971
43.01327705	-78.50383566
42.09638644	-76.81804717
43.0204752	-78.49816662
43.13395	-77.6524132
43.02151359	-76.12201219
43.10505433	-77.62433262
43.03875253	-76.12880571
43.19911008	-76.33466797
42.97757044	-77.99223194
43.01801354	-76.16183083
42.61334145	-76.82102907
43.1861815	-77.616399
43.13555668	-76.17660377
43.24313855	-77.64262548
43.20170686	-77.95290132
43.22567538	-77.54439855
42.2655783	-76.8343697
43.02980369	-76.08479979
42.59024945	-76.20016352
43.1333064	-76.2218074
43.2469326	-77.4045942
43.1582965	-77.5647448
43.2375491	-77.6506782
43.21914225	-77.72055854
43.10141176	-77.51966724
43.0150281	-76.1531028
43.20400295	-77.72477034
42.59423702	-76.19261642
42.01985608	-76.45197194
43.23072221	-77.91970994
42.59024945	-76.20016352
42.45383502	-76.47946508
43.16751815	-77.6510879
43.13529945	-77.60604755
43.0410372	-76.11951146
42.26043597	-77.78662808
43.212659	-77.572373
43.20687395	-77.66472184
43.21502293	-77.93850085
43.06876895	-77.65166035
42.09779722	-76.82036596
43.13801008	-77.64608935
42.08078824	-78.48234176
43.21138342	-77.9529883
42.12817558	-76.82769365
43.04319325	-76.10505671
43.09778685	-76.186178
42.1583572	-77.08865884
43.035234	-76.13928
43.22114387	-77.67173335
43.13528876	-77.60610025
43.00973686	-78.20492955
43.07481372	-76.12270553
42.97686593	-77.3432126
42.144674	-77.0575549
42.60676674	-76.16777023
43.17110124	-77.61088454
42.91922835	-76.71810262
43.19415777	-77.63433311
43.17541548	-77.46620789
43.20173269	-77.9529575
43.00973686	-78.20492955
42.59358603	-76.19262988
42.25463397	-77.79531539
43.1890153	-77.5958038
43.13589276	-76.13918681
43.04632617	-77.10287667
43.06136871	-77.63031871
43.1619084	-77.5866592
43.16741317	-77.65087291
43.05892502	-76.21664747
42.68025386	-76.86218041
42.0873809	-76.80887011
43.16877184	-77.60320469
43.10488754	-77.60890551
43.0841131	-76.17237593
43.0725308	-77.6274928
43.06925711	-77.59208162
43.16746671	-77.65108764
43.1451711	-77.6393348
43.18509437	-77.64570186
42.7477555	-76.6982598
43.19853019	-77.78876016
43.03549603	-76.13908041
43.1703972	-77.6577354
43.04360588	-76.12977633
43.1515332	-77.6988986
42.98448958	-76.34251876
43.10491109	-77.61177111
43.134042	-77.6524686
43.21992533	-77.40626341
43.24160156	-77.42421492
42.8662023	-77.0084665
43.1378168	-77.58940638
43.13541132	-77.45146651
43.08357649	-77.66906244
43.15624659	-77.60940482
43.22189926	-77.6717283
43.23996565	-77.62275041
43.11911395	-77.50470842
43.1703817	-77.6577214
43.15123186	-77.56956534
42.08502985	-76.8017572
43.2038219	-77.7064957
43.1475397	-77.594557
42.65638101	-77.04899296
42.17322541	-76.86440251
42.11592656	-77.07248467
43.144973	-77.6591292
43.20702776	-77.65752696
42.12787085	-76.84918126
43.1052723	-77.6178451
42.8618215	-77.8677695
43.05799047	-76.21569057
43.100563	-77.45219802
43.13077647	-77.63117353
43.15644021	-77.59913371
42.15571182	-77.07909027
42.5691824	-76.2196443
43.2094767	-77.9513183
43.10101833	-77.61039667
42.92530762	-76.56480439
42.0950379	-76.8188316
43.06096204	-77.2288375
43.16870449	-77.60326068
43.1703886	-77.6578246
43.03009534	-77.68165563
43.028065	-76.1488987
43.0031677	-76.15880595
43.1669997	-77.58981663
42.97205871	-76.81884077
42.13217022	-77.50168928
43.01833277	-78.13467725
43.15421166	-76.2158312
43.05701026	-76.22301025
43.1861815	-77.616399
43.16843743	-77.60372035
43.21346955	-77.95725222
42.17261188	-76.84524712
43.035234	-76.13928
43.0033844	-76.1966525
43.16876127	-77.60331441
42.59688142	-76.18044393
42.09199724	-76.79137066
43.07739131	-76.13713228
43.13737163	-77.76743214
43.20305549	-77.46934316
43.09797335	-76.13459517
42.20315932	-77.13582717
43.14087607	-77.60716447
42.59519291	-76.17174009
43.24285231	-77.91369117
42.87498247	-77.24617741
42.17263119	-76.84537107
42.98876622	-76.14716504
43.1671218	-77.5899917
43.03783175	-76.14092813
42.442703	-76.498375
43.17306787	-76.31530928
42.86686502	-76.53395255
43.03970297	-76.27098885
43.1451676	-77.6393077
42.45507338	-76.477777
42.98237549	-76.24905718
43.16700386	-77.5898123
43.085869	-76.8684509
43.0281256	-76.1488188
43.0556682	-76.1401401
43.03363773	-76.16050658
43.10086152	-77.6088008
43.22179779	-77.67264033
43.14503881	-77.65017109
43.06945402	-76.12133322
43.153567	-77.6109657
42.42008669	-76.50326643
43.05426848	-77.63187373
43.08035566	-77.95048063
43.04375931	-76.12726024
43.14331076	-77.58768149
42.95297591	-76.55460311
43.0155181	-78.2022589
43.2534226	-77.6600347
43.0651577	-77.5257815
43.1780187	-77.6249963
43.16830605	-77.60385637
42.59365294	-76.19274373
43.06175961	-76.11997729
43.03471582	-76.13886626
43.06393222	-76.1559335
42.6565299	-77.04882979
43.0864088	-76.1797502
43.1861815	-77.616399
42.98880173	-76.14738914
42.98949188	-76.29562131
43.17848709	-77.58547269
42.08067117	-76.80834925
43.20389966	-77.72478884
42.59095676	-76.19291901
43.0125879	-76.1958271
43.0722891	-76.16879335
42.07190363	-76.80960396
42.91079108	-76.78504298
42.9773352	-77.34305522
42.98876618	-76.14716192
42.97769747	-76.97783257
42.92165567	-76.55575306
42.84846878	-76.18486786
42.16162343	-77.08461282
43.07939434	-76.11952275
42.25834815	-77.78403769
43.05168365	-76.25422932
43.0026238	-78.1631113
43.1671033	-77.5900665
42.65647302	-77.04886203
42.8216703	-76.1110011
43.08861611	-77.96780457
42.7265584	-77.5156225
43.1451535	-77.6392917
43.1319931	-76.2570485
42.60084355	-76.18603464
43.05901987	-76.10071961
42.43180453	-76.49435485
43.1629958	-77.6234427
43.193683	-77.6047748
42.09247692	-76.79098424
43.21639148	-77.93535998
43.04633325	-77.70351438
42.99547859	-78.16992578
43.0675993	-76.17205949
43.12828395	-76.18226804
43.14087743	-77.60717617
43.0467905	-76.0911575
43.21155095	-77.95297611
43.2299055	-77.41225714
43.14405508	-76.22881019
42.14321658	-77.0531112
43.21149029	-77.66836209
42.93525543	-77.59130707
43.03987357	-76.13365454
43.15536723	-77.65399614
43.05176536	-77.5805981
43.06178986	-76.1197201
43.10638836	-76.19441058
43.09765567	-77.02421139
43.09888629	-77.79145961
43.06619741	-76.98478725
43.2122004	-76.9847911
43.21133564	-77.95272217
43.10684929	-77.50828172
43.00275654	-76.19572703
42.09248085	-76.79136727
43.24067067	-77.62604018
43.16726695	-77.65091649
43.15004235	-77.6009701
43.2199231	-77.6592319
43.2139033	-77.6898471
43.1715602	-77.5614758
43.04682005	-76.08526999
42.09152367	-76.81624069
43.1693731	-77.56705653
43.20825587	-77.60623939
42.42446635	-76.48718814
43.10492925	-76.16776929
43.1642863	-77.5933037
43.13809968	-76.13312298
43.0640537	-76.1375487
43.040002	-76.1185064
43.07733512	-77.40425544
43.11484396	-76.11021832
43.16871589	-77.60330041
43.12777289	-78.00437624
43.18134259	-77.62148461
42.07367515	-76.79606703
43.11444745	-77.49649151
43.00567679	-76.20104282
43.20129052	-77.951053
42.95386902	-76.35431576
43.21619748	-77.93603944
42.915383	-76.80745875
43.17573674	-77.58112861
43.1235757	-77.7403007
43.07251009	-76.140159
42.11897385	-77.9483077
42.4319591	-76.49416195
43.20321887	-77.58005648
43.21943063	-77.31876423
42.65650239	-77.04894271
43.07607883	-76.17023707
43.1936804	-77.6047758
43.19667192	-77.6127293
42.854994	-76.5042312
43.21402	-77.5559221
43.05430454	-77.63217062
43.14796628	-77.58398591
42.6589287	-77.04709232
43.14084299	-77.60710021
43.05624501	-77.65613016
43.19918735	-77.41653747
43.11572464	-77.49415283
43.02623283	-76.14165884
43.0193306	-76.1723719
43.00568989	-76.2010613
43.14611433	-76.22667308
43.0620017	-76.0953192
43.0725374	-77.619411
43.21931438	-77.58793538
43.1775847	-77.6327656
43.04604937	-76.1778328
43.17536564	-77.4663241
42.98877129	-76.14716323
43.2377741	-77.6432942
43.19878324	-77.50325267
43.0398775	-76.13368157
43.2079408	-77.9540607
43.24066703	-77.62596735
42.25202884	-76.3755111
43.04415249	-76.15475699
43.14115413	-77.58845782
43.185996	-77.588569
42.93183731	-76.56701057
43.14806686	-76.21658987
43.01849641	-78.13465312
43.07607883	-76.17023707
43.22131439	-77.58859526
42.9102107	-76.5504574
43.09419067	-77.44799338
43.0347375	-76.138775
42.10364949	-76.80593087
43.01426933	-76.14273856
43.07063689	-76.17248237
42.11757803	-77.07339475
43.1554134	-77.609334
43.12622723	-77.79955372
43.25027844	-77.66116617
43.20068119	-77.94791786
43.18149102	-77.63560307
43.17157491	-77.55114226
43.1847134	-77.6236739
43.1087605	-77.4625369
43.199469	-77.798565
42.9062472	-76.5449234
43.03988312	-76.13038801
43.25134284	-77.42611251
42.5831484	-76.211535
43.10183123	-77.61641013
43.1025151	-76.2459963
42.86203911	-76.98717764
42.8624466	-76.98720469
43.03982674	-76.13039372
43.1471044	-77.754668
42.5948087	-76.19336568
43.1451762	-77.6393171
43.01632978	-77.43318357
43.03894397	-76.15941721
43.1033481	-76.2055055
42.8550584	-76.5042376
42.0736438	-76.7769711
43.07005861	-76.07858368
43.12658348	-77.3034336
43.11920213	-77.50500711
43.1666259	-77.573514
43.26100132	-77.72887795
43.18109799	-76.23487157
42.16791294	-76.85146138
43.20512373	-77.59796583
43.13939703	-77.59570456
43.07786197	-77.54428596
42.95003767	-77.56972361
43.03270746	-76.20328888
42.29904155	-77.94229726
42.97758384	-77.99417544
42.85815031	-76.98556479
43.035234	-76.13928
43.1394219	-77.6550822
43.11918043	-77.5048216
42.94086837	-76.562832
42.60112152	-76.186337
42.59364224	-76.19282134
43.0886266	-77.968413
43.04503672	-76.13521215
43.2051942	-77.7257708
43.03847558	-76.14012999
43.09994429	-77.60937291
43.03872275	-76.129546
43.04491791	-76.13553767
43.04988945	-76.09024523
43.04239811	-76.14042049
42.59933941	-76.18885573
43.05319819	-76.09415668
42.078997	-76.85807485
43.28663983	-76.144992
43.19631759	-77.64096276
42.65643777	-77.04886039
43.1697656	-76.66292018
43.0420414	-76.1663143
42.92968869	-76.56372062
42.8807093	-78.077781
43.06182358	-76.12030934
43.0150028	-76.1531016
43.0218794	-76.1963174
43.14998287	-77.60086676
42.53268186	-76.63924936
43.1147707	-76.1102882
42.86687893	-77.24195672
42.8916208	-76.58747869
43.15685647	-77.60129449
43.09932913	-77.60965577
43.2230836	-77.703583
43.1005259	-77.609148
43.02010541	-76.1182741
42.11622679	-77.07177248
43.0326876	-76.1471947
42.59474506	-76.19327415
42.12782198	-76.80167589
43.097621	-76.18615553
43.14972145	-77.60070177
43.03983962	-76.13034289
43.13036657	-77.68058689
42.97502627	-77.2285101
43.06621451	-76.98475996
43.10853685	-76.1432076
43.11413514	-77.51116479
43.1235716	-77.7402941
42.12672861	-76.62193955
43.17774676	-76.2257969
43.03471918	-76.13879902
43.17020296	-76.24270479
43.01742148	-78.13467517
43.1459512	-77.554288
43.03991627	-76.13266423
43.10400529	-76.20774647
43.11879876	-77.83466558
43.13787132	-77.64562743
43.0638367	-76.15592819
42.9483069	-78.2573357
43.22007229	-77.93702078
43.0498179	-76.27397309
43.16974133	-77.56666294
43.1931572	-77.50696564
43.19000311	-77.5043253
43.1861815	-77.616399
42.59423315	-76.19262477
42.14879929	-76.75194324
43.19758459	-77.58436636
43.0026491	-78.1630518
43.09772816	-76.18601815
42.98876204	-76.14716149
43.03792252	-76.08115675
43.2357828	-77.1378141
43.21548875	-77.43483277
43.22255582	-77.69701361
43.0150543	-76.1530772
42.06639446	-76.80627541
43.06949691	-76.12163229
43.0120754	-76.1818809
43.0675159	-76.14346424
42.42027167	-76.49752938
42.87271784	-77.24381847
43.06056323	-77.00093645
43.20177047	-77.95307631
42.0893923	-78.4943018
43.04202339	-76.13055393
43.21439962	-77.93879992
42.85765504	-77.2150763
43.06369864	-76.08848541
43.206431	-77.4621313
43.06925323	-76.1731677
43.03644562	-77.06608921
