335345484
406694621
99133259
71675638
304536406
1626378409
567310382
1045758854
1016507280
708025789
620965481
105843449
344463731
44266329
274205249
202155841
259907009
397406176
492388370
242046527
40470331
543605673
32265491
354922532
286714608
398591208
385581094
770639552
417535879
1635964549
351853745
254552973
382445289
363848908
68812150
40918920
366959229
206832380
35834072
19881311
426111749
204505963
15175113
499086313
587669249
613572746
1063964017
328058897
503830275
49479363
28937644
292741489
577238207
552869397
790627525
334993383
271971272
776977777
17022537
69178632
397386925
117522987
762061596
15596762
488032805
377396013
60726440
353792211
989718254
468062969
558308178
180426501
1038217357
266819171
342916232
408226598
35624142
74822705
17230166
179240843
463142111
16568241
377748246
1601878530
541178538
770634931
60687886
2273531162
355189047
127613590
1018829778
523539873
435305108
30144012
504220475
61568018
1311347707
2155451028
262360972
2259257397
355654933
252758807
58261486
768380431
263728592
193155102
433807489
50390833
176204947
187953380
356625372
593259038
1090393315
210077250
258957310
1263697376
33927540
352627569
501466384
418880719
19053856
40114214
293673128
47574752
230463716
869523318
210497352
17862656
713852245
350489388
573107341
336878071
1038564589
816283680
626108026
74814357
1007644088
290068304
1020970950
2236773431
120327894
227071663
57707109
382184863
1866103183
414436574
723193956
74417000
131709086
755361157
415030595
563375255
479828589
110920497
387197604
801470581
549719051
935755976
1932144859
339342547
58628398
253382516
492511146
384052060
245469728
108739744
19129186
40398774
266331299
840649788
870323894
75356276
26451519
16535264
18937704
256349527
404587732
51543590
442808940
34299571
1857821527
439733369
239892847
84634838
286503685
48550793
53214062
1630906536
262987311
283056598
179711840
16450975
479251801
104260809
480828212
328774344
708319700
27970716
45672125
34827278
973300123
264935831
311179606
843994315
470450388
162459122
487077964
28445310
207296404
460536163
156594920
470974208
95127823
408546502
382405956
2176670968
466127893
38454964
185091406
1449278797
243269604
387949689
396906099
123379162
45698701
1659074958
69747034
798788186
39630815
221880913
373155877
