1315583143
1688119813
49851821
244228586
635402435
844371396
364278198
107914092
431696762
311775390
85124684
398591208
546191365
574819746
347624268
772626139
328548048
228559151
474563808
36581887
523433470
92677797
229145723
902826068
566863445
574956412
454464866
35836111
420409872
181778730
318532506
339443507
625611692
43487238
531313199
446245507
453716003
2153609288
748182517
15398068
1959237024
413583258
210166295
1337868295
352418109
636642256
552388580
69319403
985602242
309997806
495047368
2299886475
216915562
622477128
56572955
64085946
333682242
364671446
851783312
271496308
1406468005
53191891
555066692
87839121
193870476
355274928
709705309
1035724752
7190142
91437831
81965252
848286318
1276915052
1198932967
447164009
285177136
66053875
385215876
513951842
277535560
306939522
371064697
75356276
1016111407
327087735
110703324
97226973
404838683
36158751
284342748
37522446
1703200309
100618525
876827899
106451278
1115189388
175530226
31777520
525394850
248278228
15258562
277246790
318412664
799156063
247910732
404475402
31566610
631719595
76842138
50382244
350740084
438135017
224845961
289431480
445830262
467102039
27964258
54614338
326573194
510470253
979243105
32456949
57698998
437782437
344480528
322165359
524633562
419127109
1280260850
540440159
140349766
294321689
1441957069
861576205
930617017
193836088
392643473
508893022
462964277
1155191648
943903286
759379
29514947
15832320
118835721
264537498
321121278
61199268
791025728
85663416
536999170
1909429218
2369880382
2291425094
467752648
196222366
2385464808
456139122
64756279
565626767
1520589512
366374395
417162950
722898656
831813589
336878071
32206059
38057587
619785775
942904758
17014603
2437752540
50031859
59230134
326528031
179210348
465761260
307736137
80971945
256099196
170934986
1329924458
851556978
207334514
292645096
118806166
463290024
176350545
805008841
188729330
375248664
29910178
24206355
283049692
351929234
471547660
368977335
422806708
178170384
416005613
242565899
1075050061
735246050
519072502
411745829
150265786
105670818
520676128
915477506
35403595
1517109876
386939475
1633863535
2416345511
577603924
1113825758
1045758854
620965481
79819473
162257876
1132304994
740074819
770594250
27522159
49198329
369311753
40251389
1477882009
2387398386
543192956
45071585
56678518
269624760
34147889
44050967
311735623
518147468
510998271
24467712
152038926
344243144
37443745
595935810
18834945
807978956
141738339
1857546704
185378198
27450293
725137800
42521111
74012196
603804656
92358431
626701549
732887287
61695405
57480548
4116591
1852920882
469813464
1462470150
200098578
619165418
263975601
49498917
480658808
336945886
484347075
347478033
477854069
1281581071
994672298
555754419
22557393
42429027
1692621840
162075689
905129886
1107333559
27682381
928913940
68771190
624351947
417269006
57543515
1716873738
8336412
772319864
360279713
621611457
720835210
81993387
404461584
1158726176
16447150
70453498
26900322
33749690
354609456
241141288
185091406
68316188
586203267
1378672842
1024527602
48721632
563830675
508024014
504220475
388528559
1164661939
123438911
190388907
2239293941
457119397
175201792
414456642
539543954
332785743
1206752600
562318428
243224176
2407884667
279612925
84427749
479120189
108392148
333117910
430716201
434580273
577752828
625169095
552841347
739523659
308104896
251921715
213969187
350936605
247945011
48569141
5385272
206353121
15233019
2294523361
2300411177
403140659
2325674089
397785685
34393226
975007860
350706482
506307548
2598724275
811910407
214637687
270027593
998864929
478336355
913282802
1894861729
126962094
1013251717
1201662296
15577872
785202871
1297229780
131349620
338869013
178747309
298602162
312902916
494422690
263170877
1151613139
340432366
148810506
437135137
250319034
268652997
379809139
408969595
175650904
580309240
1273424437
466042520
547099796
21621986
437097412
32464532
106430985
129940964
52816161
36486747
355935368
274272233
268844150
289555403
1917771030
494053515
151097199
324556176
895608686
35553839
1561603218
1607438154
335081461
2176670968
27968678
35631152
548041114
50916401
119145164
538625109
436421354
347923135
183668996
269091869
548060147
136310058
63397837
774908528
96462242
2196387582
1568313235
574958940
1483042520
1016380441
777345907
1697700528
1499712084
399127849
437961806
1355647418
1027610630
461263364
121268881
407376218
257255559
1318725494
894602340
49901006
701321753
239179122
1364731021
140257063
1167545011
577198255
37342839
275069028
256171386
762810290
2345811520
558065910
461690075
314062503
1176519002
410775628
542952376
1318859317
317842919
346547962
58527181
1892229728
182521501
58715285
333175854
136919315
2312549453
227336782
745746216
358619010
492576664
448474351
787874498
876044858
480846856
381503093
280834267
33047702
1710401095
103609967
542758675
516057144
952293600
2261785165
544659113
1437364994
1431627007
333685830
8768722
210353392
320599768
119602627
447243114
710101746
280687510
454536045
35984222
527619083
506551725
409576505
272214091
116525031
636204940
385250978
618605959
422013050
225084934
561196318
974847428
255784115
17658551
385661712
414816098
1271048497
1836274675
27792170
1722352754
524694952
125228166
271619131
521844410
1921602374
350981871
344250292
869004139
364356141
315962491
1217451715
502333369
760975908
23663977
430386874
18911728
340405527
15602566
379887820
272513906
993711990
1020713989
417405940
735775146
494740836
23391140
1289848957
574540818
848440736
173491983
431156455
100313038
391121051
207296404
356923702
2296647447
252850065
252758807
321128605
422707360
502133286
855814412
2353809057
182995874
889402418
269501178
1146404214
394293694
29103414
68583340
461606728
1634671466
341216126
90574579
59019927
28648539
349055950
548902266
544814217
1135600014
328802192
430730629
1084919437
448189305
380407003
361649920
821586848
147252421
280761180
259936032
221553293
442808940
343793446
461453859
279694975
99054613
721009902
444896287
2377227404
1564649071
545563907
393723384
300005559
320589202
175284427
341855545
469499834
353777149
18923948
370201114
29775799
362630778
33338008
340681269
724843730
628870659
58974008
562472902
16977439
373827544
343064097
500048549
508028489
43967288
350009594
15066575
64217337
451153914
408705968
315052142
201312077
386815711
305188358
542224794
367498866
266541770
207527341
1148732052
295988941
231682919
1161270104
104645517
1716682405
961717568
17846335
408938299
150022322
1274194968
168790200
365135522
435305108
33306325
369283253
546714775
341319378
263342709
525876398
29094510
551986195
63845667
346323015
19337207
118509914
315960286
258571660
339258818
215168170
1370311921
1542430764
154555808
293748849
412326834
272735718
1343531118
336908907
86444715
382616033
363992028
210593419
2318260023
958191660
217865306
1079037955
93812926
459659453
402111716
842403408
444393731
1068282613
47808840
1972462291
257082470
617377663
210585853
329340022
622117307
193666518
76150187
104839365
554603810
33405004
256648769
311271563
197247905
251763226
95021541
271517364
2203885286
634046804
156594920
2493066115
258893331
758889776
973171812
355064486
321151589
383972436
329847512
719030126
288585807
107592474
1112479332
376840589
544059150
363351006
426267571
627171210
39571254
399717723
302931798
2376230372
417604958
517843346
362678735
262483470
76750961
383905003
25748541
365868988
15407595
1290387427
103753021
30984249
77054376
1161186974
18228325
459314283
833899225
19675872
217286545
362240856
1223393724
396720767
200767959
791498318
447349821
434542425
1311347707
172123903
1450596444
2269150339
1285004155
34027081
37284125
1405344253
15516507
1102512692
724434734
557199371
251324177
15800206
1081232864
907211137
430852853
272301402
1101268200
382437473
52244255
302163872
335484136
330647219
633103043
1478522263
1155504044
187410785
37069994
30909445
417509184
152468661
266311036
545410637
2284592871
596133024
36394201
25856346
541150586
364038473
263403676
72106572
383984165
739549254
45672125
549695048
47181427
613040289
605878417
430886549
484536990
2288571225
25943944
63078815
199401351
416776224
306322857
84908030
240729505
322348207
14494523
410249148
1270171820
391503685
16321818
156644941
338399486
482471771
557124104
93030385
46501187
258230318
602153976
959315514
400821744
44871396
191218768
451946644
700077727
1649275891
1043476220
308157735
596909134
574073857
69740910
334370605
78142586
2216683337
1118053580
455366635
352431477
191478460
17625397
1004801738
1594228741
428700069
43179850
347651580
376499930
433875238
130568736
536863352
220706539
214754370
397435072
23401126
314960563
72915276
22544335
300114067
33628896
360987265
826457208
506226984
2501139927
233802296
50537293
284821831
13656892
413417405
1454616804
729170438
93211262
508046375
434519809
1473367224
240012771
780339956
790113098
442453151
89315265
355265479
339980656
359765834
412791535
44225395
231496436
581049463
586893855
319172072
1973520542
886592005
264561739
914919426
226426340
186601952
511025426
746274726
262987311
1016054718
276281922
425056713
616520511
106426655
430217596
342424950
1398703465
243346844
902969689
1151200777
481304155
453558747
498066616
388942724
63372260
194320943
123064751
348099009
750110352
933403578
402388684
481340200
255896083
431234993
27784447
59892795
36206277
50476377
723335239
357633218
601445709
298833831
580277996
375224727
236624181
328254098
114366316
1896397831
142894532
468762687
165816081
61566542
57857219
405391222
117515639
461858413
490086417
536034044
254819349
619770741
298840807
298906829
379512464
615787975
1143628850
958468602
52865666
507937367
1024655400
813559362
202701587
366683616
156293009
1300647072
223306734
1604002945
116553365
90271424
106625109
30524021
154292111
371493185
1216766798
252161617
57936905
31918988
172179970
2431986987
346198850
109726341
82765590
1611021890
272253625
377440982
387197604
316520043
2163434716
1402466251
528901763
390904227
552869397
937155612
575697783
473486857
117746936
377031680
20656122
397456873
1842096817
41842733
307514673
1260468560
1708443356
431976333
236601110
828145670
331497814
435268224
27825249
414400167
63506862
258121800
35364913
540279184
377766623
298097738
387400595
260552298
262736765
45092482
335988809
635594389
73766797
243269604
73243774
344203152
348731010
915750620
165845732
539191589
635758192
525803103
549753034
327765936
560439663
47296468
758222478
505141471
611960919
464391434
453513537
368591843
937699135
261361661
242046527
1918943490
1317007441
531791830
291773761
924886194
21668677
1342675854
1265213924
304171558
159187637
426248953
1034703540
286227580
1312599247
471215051
26535738
357168797
414481969
389767944
1072916689
96631958
569205554
187627447
96633884
618698970
136406091
336077964
519716461
25860824
14737460
1692488324
112831025
1194998760
328180868
403678474
2250972716
301594468
429094506
1618807387
952566864
103575674
14248409
237877368
2163029081
615255983
248525368
75693808
1373322852
431120042
387223014
323638818
69183856
971404784
545641212
27729016
1495299150
851997787
47523634
364321254
401433980
606063300
630752806
391809200
245195812
14691607
413293662
1000499160
433807489
74829628
68603410
2238340681
1372464386
581273121
55240621
853747850
755907342
1249580881
368619882
348910177
328774344
499440407
1201772234
470450388
1335293352
456270467
245974566
38930386
423090357
1631254802
401682062
415757959
366470233
287951589
389790283
1726190179
247046531
1681828820
19727773
414015147
515854282
48515394
202469836
508293224
107511084
350398302
366327087
770639552
388520725
714354984
13917432
15175113
88321559
304693449
543127396
423811370
262492195
202705793
442673999
844661166
458445876
24013474
744103838
101016289
921648948
212071182
2218552186
22784929
34797742
350355460
300603910
1364418446
336132774
752080670
1892180527
222798103
22996638
64514146
1255867597
381064742
240048778
176204947
341307876
2482466346
1322949481
1259463187
448536459
407201481
389498107
2383978644
2178449657
63882814
122284504
250330008
429466782
436179587
272203854
286768707
279169402
2213298486
16268054
48375970
335689199
394785319
27542462
434838079
1206764761
195104728
337240457
487210542
271743748
551873917
52081838
13729222
1912518901
903077599
348652683
46660666
14957089
190012815
264541193
110520078
266692205
416695332
1360477549
818542933
81751793
500237799
606008683
736735837
871014829
599750238
471568425
497087937
306654427
384414644
452299086
20918477
2468674031
1695248695
67976626
206570244
439253801
77406831
298164703
270040301
415646751
36191371
997530745
2282235097
1063502792
309498604
2153875171
1289028486
283260016
321528013
16941578
48765640
52630434
408959694
1085152615
327561331
499086313
27687302
1019120136
613572746
479487014
601929914
32765843
378875186
2259257397
49085497
114503297
17468159
851676547
545566845
505350450
872387598
61569167
369204116
17011318
1418748456
19096211
35222257
1606906603
781904888
223529798
626904496
305397601
24286855
278568933
63574950
335668469
378114322
457936556
1135090008
70045040
400885464
284317967
42719794
35378668
354922532
353785926
290022902
2179145420
199507614
757512614
250442735
1890973489
73027644
187423702
551478901
1041341978
52218564
479871847
135254544
715621004
499197849
456267275
513505109
756599910
168013121
810020029
50908543
420631953
3107011
596862057
70590337
309073547
248365616
539530608
417178662
911488496
713852245
23757560
552226671
295918979
498093281
463372852
895570286
314888781
757795765
428298603
2259897498
364650708
339217813
574142039
1641445548
622376944
1943978756
315622187
377670839
611687030
1871999708
715402520
913679935
233416226
1510566690
17399074
575314310
164138994
423415106
33324134
25524024
279545751
556325102
606610799
363848908
81302636
362059797
262910874
1340677436
1345014690
319951660
259047972
567463477
334993383
1134898662
230945084
598984155
67950356
435308483
375686580
42568817
510995251
23650057
406579027
433025596
1319679895
474263450
88260578
168388322
287451458
343571614
2386023326
449284105
461736792
22376166
366265688
243455654
225630512
503872457
462341704
373501565
398883686
1009864202
245646984
274996436
750671316
572358450
42419580
516931020
274615144
450033516
868837051
1877945634
7912072
540452003
1129631515
836840899
2300803769
189587584
343146896
64856449
344215943
512836590
1120812883
1976821866
135985144
266259943
236268396
783732560
544372087
23988136
238841423
1557225367
235387909
1340542273
328236316
320204276
981365941
1391155542
719617132
336375778
131349306
95791438
470974208
619454509
367945273
274357996
60298886
421653746
167552286
458673194
853562084
242357301
634191272
836063886
276755941
249016886
786036932
18964304
874795200
190083878
50706690
415039027
382445289
1017824905
1323834025
268630416
933432116
395517617
36187361
431728973
920148506
846817920
479866415
235328703
302352047
959427798
487921051
210096174
1931177450
863140226
109277288
116293057
381718864
228403420
25572406
48582855
1064718480
377552862
529735677
618284618
121162215
78578591
380112901
352627569
146513248
465272897
1285099722
454422380
770470850
1219803691
70538418
88993161
58320710
436347682
108212009
384487504
384129038
373739555
225628720
470626327
22212694
1090550185
408194289
595047522
240738860
1607179861
404507140
35637146
1426539379
415086498
355340601
362886628
253725789
389827641
208894656
285933561
407388640
1912503547
2199715033
497485281
436952063
333818229
1278907194
892186484
76536325
70409567
33704280
848298954
1210721066
554063154
2152190053
349735925
335342893
326330246
288496146
292115146
473558443
68008403
604322463
628188714
269053313
178198740
191258359
241423791
596191995
293834542
470531470
365854528
389836845
565994500
1527274482
458024877
551532706
14631905
551382363
330615990
502081801
351869454
1047454062
88471823
750606570
394982144
306750815
461725110
528908900
44881854
2370845054
2254763901
1925379398
114360943
262388157
1705068104
415823777
481568891
1585633650
271971272
599038665
1620443610
481525291
343114611
312248690
117522987
717973
546943786
1125917736
610187660
2214590942
521015935
146685180
566740541
257131768
1877439876
954445280
1075594374
199717054
372004289
2158721829
364681853
755488927
1242357162
22296694
1029659809
369806207
64056126
475519189
593259038
584305487
628060535
162126261
112651008
88789143
1217145037
230297477
53273180
46418490
393023176
124885765
857125297
424738302
43499083
38757585
444391308
439781913
350461823
753399000
928882362
474282383
21507094
369586225
593156798
480136025
56378785
423822529
91246694
40219913
340947821
1246377073
95460171
188129813
437156059
346141688
307124879
440252782
220428595
43786109
59334926
16380572
801593995
17274369
22389661
120490061
273628289
357316463
1262438815
159934632
563353370
298179561
1233221
308664632
1430808229
271382069
279723517
47714586
334367534
350635364
1038198019
1449278797
264556655
293823442
33018561
104564529
1549761577
16584283
1123461056
384085576
59836789
433843626
23221573
32242057
61890173
48425071
65089492
471636246
710092573
29508145
222585634
783215869
128265042
974945594
1569416743
870779761
519136017
239806813
308849660
1296553464
251424856
249788462
440497986
282780681
1219969316
514814679
289112425
62423990
425529951
22083887
584330980
454635269
246980480
1279133370
50724024
258396481
270693042
293200470
41836683
2243950162
302404157
161399272
328092681
2161470948
1115930120
2427976689
26829242
248508723
50207466
165885488
532671998
378686326
614515345
606627136
413583819
509415033
31019549
491723693
609651053
57529340
118426456
415872785
459719265
501296387
335316454
304428899
273648303
243443366
457146044
65813747
935605027
366158809
332501723
252886041
51320396
118592386
117988044
167499507
355775162
528141447
31420832
90713883
632919392
410401019
171822892
247988729
223270654
45972356
344391213
211909983
140254652
323507329
15684468
360783031
2352570168
353283990
177661405
721009616
352693055
176855857
96687299
37137720
329456004
351704868
934756362
783376592
304536406
844585861
18318334
593187763
976294722
15164343
702331813
92103078
509333193
65289597
416702598
33386443
39083209
791778355
1109784127
442242953
441439987
1045794372
370119315
325838892
354747038
864815010
44185900
540180127
25989143
320929797
133090848
516670721
358611909
72084105
383785295
18529535
151428025
36411369
122214137
409588185
823310100
418984911
879474908
186580394
318704018
67764006
817551254
404399789
59650981
502243006
307988550
363432766
127644216
397264702
1187944603
244100485
437839565
300923524
834379358
355900787
71606578
307429824
1220910787
85454525
968075532
605007254
244344539
1960182241
32603465
963524850
182933651
1905462726
98768054
385792141
37127646
18317405
916069633
709656691
487018762
558023038
18645521
38053973
514868779
417117967
240532558
2317366904
625909123
796251962
1273152452
341804115
1107974378
1455063222
1151847019
245142683
433063033
55903546
514854339
335710063
57940248
379535525
310015825
924536137
227443897
263901055
28709661
614801124
344793790
926001594
1348013784
20233071
571092320
199801562
572859323
998137962
406475708
360099272
105843449
1269523002
1523184511
247878912
2304353055
541394724
2374878462
254552973
565567865
1431949476
188929628
963436962
166747326
201714656
1335580591
703490539
605669550
377579710
166997565
342113069
421634324
362150718
756554354
842639096
1325124240
1977507199
1455439573
770599945
166424097
747956562
230323409
62431598
179367025
17238887
992230176
451726765
1317214266
255781608
385471211
420068214
300836881
273088151
598060272
380981559
20382716
453507198
32963201
1575287197
464205164
278207869
549579902
1334747772
214229879
479122934
45234238
1170420222
796384110
552292532
29106944
1663935805
470262951
504709504
849562194
52143009
415142597
168813348
274286950
230667899
1005523795
442939961
354336727
21794832
237274571
554378627
946935277
380466362
245577690
805735274
262283854
530038821
227014016
472459893
232054086
323964819
208182017
924259286
73221502
71063332
755789479
403794939
431009015
439438020
757645063
415580064
1090393315
504144214
731558454
539761248
250974170
171792637
188561770
548826537
557257466
329122371
2285824753
1668733374
399763344
926809741
961735964
2163366208
18617209
484171653
31213502
521902010
377761312
728927443
344803691
829872056
1160810658
319676606
1584189811
551824484
77824432
390612390
579059729
1623303145
16154380
579901792
21001616
255050149
1110419780
521420268
1490133378
162947860
180196062
1573997371
493641467
717006397
307610324
494629990
345088287
194560905
932400038
30263071
607790763
838041906
2308648049
320953639
463142111
1034817145
705927320
399771215
361663321
418880719
366705885
590260057
2213433875
193155102
772558794
998447660
303509957
848417504
16299680
21140427
459930928
371409871
255822965
468768626
2172023943
97229528
2192226509
1605074114
384612576
51096686
344879102
248443308
466889625
300040871
360162380
116088789
414436574
2168267641
162830136
421095102
87253329
318211196
500039392
726984192
285981875
170500234
369874695
1216296847
108739744
489909049
542869405
500086135
479694751
69514121
419753670
459482015
1963750321
257703814
97743884
582262003
895450687
277308476
816224244
1341830108
79929836
942125282
801799022
121860227
141030810
1228389235
112833370
2562255395
488905152
261238958
805705722
288560556
552635242
418209238
207152517
21452122
433671287
349969917
407241079
896461214
20415473
62819065
25144149
543984205
194328233
515543287
427823527
142780964
723082488
308136148
419298848
322404683
614742669
842461728
95802716
520670881
20740042
30381722
789396463
245579156
380613157
234957455
42352888
234374922
458905791
248043085
231354049
116212239
1103043337
458749318
380560230
109022780
39400007
182232607
209324219
1556958012
1493319254
876260911
100096315
999739520
195910316
186281557
64911278
371961119
618297501
49371822
118194926
81257198
575733861
265483884
390170009
303906218
322114916
16459336
286472485
527935113
548156770
14570002
722465240
1093519153
85475921
1599311384
1419628662
628936005
391169371
266365915
326476170
387722686
972414492
363049765
1062338244
30595012
67664143
1110188162
53409591
919838610
751800756
160205501
564808350
939769639
813503162
1417717836
21458799
100047235
456070770
68706390
221173236
68887842
166401977
271156871
78985421
234873616
517011491
764234508
292233762
54028865
24218754
185282054
1117541
2288892474
1111781192
26340613
564589334
136174676
403753980
378047317
365874842
112251644
250278892
23593337
339256439
386781154
258204856
1098864026
543843398
15005656
98765220
17175573
509527706
1167923736
333727231
307951710
244977846
26405344
118299392
1663737481
225915841
1692508692
551316508
329896220
1362086743
758255515
52880020
2258272326
462510475
339466165
44734376
321104126
31252950
83855571
15847138
475292100
405640078
330119965
859735760
748460850
35503573
52395112
19629444
382184863
1269116154
1068984487
431396762
554925900
341737456
479828589
547363052
133060802
264572913
1132468292
26147939
1401093841
388593500
919192855
52539611
1014305275
302305478
360228685
423895159
18198866
1078373144
780876812
84634838
1594701337
1290314610
623233984
1242351091
520559556
325314432
2155451028
258983772
358586441
418964844
1569396655
351609884
342916232
345723074
28445310
267583697
59193262
427867414
428792184
832055906
635758489
195606425
275069501
2359450922
43696733
15060125
341327958
334845034
316552000
724992668
783365090
855359082
277694306
191337163
397457339
1924342524
135329116
361044307
2227503582
388356199
628050789
386063602
273439057
1027523377
526504588
470462519
16615790
1372954422
431060348
444786520
499465479
348044167
86079009
447366116
245469728
1413212976
924506191
199925161
933418416
1000596187
205021656
357918258
1083762234
334416759
1646560928
342534677
541178538
324637165
504989361
41061589
2350933248
304553544
470482680
393280581
2246040906
162428940
1692378632
2342685717
417272969
2227635734
389697499
113833379
708545579
758319318
373429793
243396999
42705680
113032193
105229582
75401105
2177569983
590405537
269153742
189782177
296565999
158032672
313030637
38107043
61347950
37332002
1038135656
104249454
15744024
388323388
437614750
482526529
805467463
343116277
109498771
621198619
1653799820
843641516
320748084
71113017
621347491
879119124
194337607
338057423
323381088
268863504
706253292
261320650
292425897
555232091
455532548
55229718
286503685
602043457
23724304
2243093010
651963
54806906
1186285916
67795686
356513775
369684547
408554209
431289105
303913498
21166177
16660486
546187793
386458946
632249911
364036461
1328446340
40470331
28565796
316773168
1038733494
829752624
47625860
34267331
27926098
25750526
1145880073
489900097
324718026
335784360
577097240
29305314
1691711072
422221926
347469796
232744141
809712708
1924039938
458127034
198624788
189936276
343613814
1250427283
330649584
566747934
238818707
27468294
216006057
335080259
572624785
2437532460
228539560
1317530922
156809951
928289456
1897438494
566794391
330748895
382949268
263091171
75456699
38570872
35324787
251778716
184981991
1611867680
2170794340
543088020
43639089
242591128
358484601
887899452
54720670
2348066758
1640523924
178774911
428716488
1400068554
860570270
713127326
20064269
344469754
2383874269
394423041
782831010
256739260
356262261
2327054644
822547634
26378422
15500871
415192870
32992976
399147796
34827278
311203892
475417051
487077964
716549155
419240263
1325830758
335526284
384633796
1338946196
1064269512
264971478
434589873
270037993
369765794
322317513
152485909
1305799087
473724405
27365860
2229931442
463614997
500406316
823835401
420545427
635535414
411124507
25703672
1722389515
321636784
46697925
798701160
1643232451
391081043
502763942
152793324
21424499
169304885
772817516
2300446717
2243098872
72182907
316478403
378174939
1334423202
16500061
260150778
303420398
263925546
81935741
177608251
1495894891
871961880
722829630
478143115
756275101
415135821
944561604
516042830
873861427
389222000
361686750
860008387
258389136
30173784
72552883
342796436
1542253800
831641730
894670027
429445747
327029694
279600215
29349228
547785685
231132939
1652557520
54274817
39165493
633452272
1159114430
1567517870
19314574
710700955
42726913
618526761
235042137
315548332
33227152
420738665
354323495
498447909
2187239288
604623142
1129643436
316659316
1928881662
2203831531
342519621
236636021
150095605
231914688
1416798805
567627753
428502935
341249234
396633797
403079104
434479167
636520061
57950094
197282267
227100670
166403903
480167596
21910115
69203264
550549910
1461148668
347499736
220208610
445205139
278881677
723395408
392296758
233825372
8915332
1468319708
1074409184
30088457
552023705
114896096
1856244668
616609906
463247503
397662829
348268013
787353241
268097184
426111749
6602102
595919263
824212334
1049032812
569640802
399128820
731706432
1064412835
17022537
540861683
488032805
375206964
16275908
286381545
348279641
142026743
2338576309
26493999
305596726
127369072
33993509
1115738544
569710473
401667724
32575433
144922546
882473251
343886542
338153748
496546144
450389760
1431530227
379958582
230248673
197450563
810061944
1141226280
484127931
31013914
504748977
75631257
1087504981
23491526
14726870
924259548
338588174
713709284
926082548
1883587722
59339131
315257671
272006739
2232446303
28823577
280673220
340610197
2179051806
2167109222
1830358836
464991060
23941662
633220120
808014200
280579025
32178749
926445709
172837605
1977265783
570533859
350551844
827808398
27987978
249372529
66704792
1504816789
207316430
95685731
585228203
315464281
794929128
1043463578
80299587
367343945
121604394
2227071805
408226598
1292079680
549615055
509029230
334716639
327756035
2457527014
724315254
348742169
471214123
266874769
1577835145
544390991
315830174
939134443
400248752
858854996
616813455
202892735
369172720
312147174
390502305
515004148
35834072
293310330
14342733
1050109861
18544334
39634751
77461452
622098463
43012100
568582929
213852168
447373240
428451487
351045413
1666557806
22138960
272721249
30369059
392897280
304596693
2179046985
76494216
634260096
333138651
328389810
534653246
334371725
311689306
45470777
716268529
406039809
514707976
968326009
378926172
283209316
783100260
327197199
151905720
1272880386
989507238
420759047
394709736
1334120774
1043624780
16699773
704285234
1107012654
462329177
1394630000
1583753186
1049536556
1372621914
289111274
19405140
33318700
1410221689
260004052
23133504
509641276
399018868
580327869
180958025
402296999
187043871
253046571
1216362103
107249549
439856487
40240951
509455575
308757634
49094362
155639557
256680712
2245819268
705204036
336173021
356997498
725108396
66929342
604921882
24795038
1661031768
90998709
44171487
49137582
623486872
450333798
857624864
17314683
488692675
798512222
2176426712
23428425
64328374
352736012
268894817
1451710052
593962083
261358244
247035822
847520971
1551950060
33356371
431114845
464251735
261802673
25935720
1936176200
2218295591
409017876
836644760
406535054
332024212
1002202730
194691418
2148995085
589960285
26530765
1328167046
848689626
115804259
24205572
30080450
716158145
636632876
393623595
556349059
59198711
555213535
527617194
412699123
157757171
1581659970
36887253
2248089336
1483143319
315989680
890126018
110496811
342257392
14073438
2200523508
215394261
1330680601
483260988
137059210
16492682
478271342
188417746
12831092
99173241
29619340
28211520
785434189
365240032
386880918
191211424
582171617
54764566
427938781
1556609191
67335578
620584706
493549728
381870121
121941652
868835160
441428784
473428887
615755661
183030408
81237494
468726024
228781628
290875581
74946110
2306952692
35946715
179149487
809289517
50320242
327621331
368724098
46788607
130238097
710999333
587085812
80138294
396640343
6903972
175156526
600957821
53827464
836756143
2327357683
566734319
372444041
344312187
385701053
1363258472
37071505
168850562
269416629
508986906
399745403
466701628
396906099
358355514
300291653
1368408576
290254688
2595185873
412582977
1679613006
173282261
138937181
215369771
417443042
167944910
1654395205
171471123
1426695715
718844502
1429126376
25148881
22788560
145488407
512414126
31203152
858663446
223575905
552839947
15893889
292532796
79541406
105376535
939210470
330972269
521925467
228424824
824184144
369262235
187967752
54072261
533662247
601477751
1618870164
74822705
731938843
922126218
289088136
275265731
911191670
50658248
128216953
760609891
439359511
299405491
1571201354
79372503
2399963582
142477998
60253573
245199678
255133295
431898610
414006106
956518452
403115343
41542143
496698698
451792334
838165111
410003326
20732149
369275838
415209915
718241555
35971254
67955985
275034112
708148392
477118696
261217648
189008304
635169156
277264727
55818365
50936351
67648980
77503040
375729625
533200390
481564178
213117283
994292119
370456302
320829499
455048133
1027784652
207569138
327231310
1146451651
272272907
2170226364
339636756
55724198
850073174
228184610
479085495
705018103
79541796
1228456196
181794175
571392198
948364952
961687718
842265456
1692868796
1428175147
19572858
246851168
90264540
424782688
1482007212
148374074
387317873
409277495
705910915
1905079195
366959229
206832380
382731926
770521908
518250997
425353825
914994948
605782945
123156787
311727464
119072905
351217462
174333856
396859784
110897769
47521461
27386786
440443123
366242168
636418699
971275297
242014091
68332679
187559101
411735917
232121748
334216779
362869656
11550142
23686595
398909748
303566598
436025577
364376829
390276345
322919458
25631063
257531561
356625372
514976651
463461274
45980684
16637595
89204414
211755069
14274335
633058253
499459705
308186811
139110622
231178138
19930594
70558190
11007392
825200917
636249732
500272570
45236297
1666850942
27879891
2155394430
75621952
766271538
494460585
466127893
50865626
391499076
28820382
813245912
329791309
448400414
54714777
18093268
625156094
35474191
516083910
326611705
80668450
966994728
394973365
563714886
993728738
500284245
322726359
1676975820
1898699287
624290806
257641400
465018449
363888112
343452366
1877714197
620563899
458050316
401754142
184904627
69095257
630602228
318111335
449267598
377686086
145063883
554909646
510999799
1318862881
258252111
405125760
1349935562
131559788
544740470
261263775
335701800
446057208
375360612
30444507
57053317
106544187
28584729
455001380
568694265
448513167
1145545009
562429551
850087850
424540322
379584265
19500320
2214430781
1274129598
34370512
327563665
139927196
351853745
423881529
14255351
2163403565
2193314478
441899332
525075888
452523817
447298190
624291860
384561014
2191646373
246584930
285964788
700134474
414082268
747221826
271730916
18401601
382091710
1287072012
37523584
450303676
548661593
383278862
441994689
16568241
549444462
45745567
1240315986
2273531162
459677388
2465306844
348640529
463884327
159098240
491020890
375363997
1383135804
58611305
387795194
829231388
347948246
354710136
266765306
230463716
95357199
391808916
179807715
36867240
499242246
416627553
82989374
258611669
87217649
1014014156
375346772
985153584
269605245
1638625032
1356882576
221144641
387247966
489868526
94465437
1276357560
61816752
409047188
340422671
397376169
304616449
70296246
65232597
366401568
258957310
292048109
741911300
381865885
438007099
104917215
319419019
42906460
234883441
199534988
93979843
35626341
755361157
1521362640
17354131
1173634591
230091002
741507133
264935831
199108751
230283188
322401539
822050107
17769871
91940932
739435914
1136300857
717479203
177638763
58899300
592264131
1301923104
845803530
364979562
22550847
921899035
30391258
726923899
627072818
456411965
300558856
424655467
16702843
31609523
487099398
218200674
573147923
950926850
393593776
32115697
556577258
283816640
71806473
1368178975
450051216
14806209
190893326
346893253
737161231
612488308
57791944
284851504
776977777
244190859
408570162
2295326648
252291169
1129274552
512615294
1357981711
207761503
612237704
19368954
827328572
2315983202
737938728
34481053
438839018
274624732
319716918
862427545
611908497
96491947
593266877
2352894923
142053465
94480456
219066451
347665020
15580794
977004146
26103278
251906006
498531108
104518736
359117084
19785482
880580426
836268907
24561541
59208277
85183229
59599454
286459868
349502658
239060557
328243671
499378966
132583610
1144671624
340476804
756083
223600666
256206827
413711217
627512810
1069548199
39050000
339048479
16674208
182668970
269521059
285863665
11088072
24415641
487950549
180625541
383383896
550870782
138867700
1566722300
110297436
325623341
379776359
1611464264
470568186
2476234757
362865829
233300599
27519424
75878538
2268412035
254723603
447620671
459854841
365140095
229249070
498478498
499206686
38366808
194504509
231904025
234174047
455441272
450589180
837732282
256668649
434189451
34798470
236967872
72206796
109637697
1146823358
2381603781
459378860
831607375
394071275
1161711253
1066051466
475043148
65228224
515861956
985800835
248227383
364019786
51416517
44463028
333242718
540352174
1062260154
38009958
295073852
346928714
27325089
589418853
535612149
1209838832
500944515
767671494
756319957
297691008
1708611558
21627276
1190481342
471731421
1411455254
409791954
509161979
1227515455
341668500
100831508
787745418
123379162
2286859044
1270200314
49873110
18076480
746371711
435483436
63370441
258165730
350330293
18464294
117849817
503955342
1717907863
2361885524
215013904
15263306
786382916
53718732
16535264
1135539750
944904751
529762749
928830740
997631328
792729138
55461047
85296016
40114214
397666951
339997443
465161673
158558031
459731459
1584167473
1118076306
40044028
278492796
1400459425
24786107
46094179
455269478
180911716
785631804
39112190
372644744
373072107
1705650378
225961337
2251222784
259295285
117506947
391870532
166381826
1432859696
356566168
363840684
22197188
8981372
914527405
444060853
352138764
201892280
41666795
32684679
185786187
108101944
443857288
425053206
451662043
59198077
501130417
377110875
255813114
18937679
770789030
338792043
412746336
239074567
377709628
850061970
358286622
498350134
25197870
12522272
122549269
116943825
228532876
1030979053
368489454
77676817
1368823807
1035211988
42074667
38456955
962783418
16363540
294911015
1352040240
402861409
477043193
14166065
739251462
866434508
2340649783
107333221
27282345
38467384
1659228966
133837232
354549685
287945491
316041562
572724368
65362944
364701233
887734028
414033393
619894715
1038807668
101581538
803705024
110864818
569469887
544797821
1660789380
2149979706
1125887077
371041200
422211439
466035564
217212926
1239286622
93810124
905018568
62584771
2323726678
1920207313
177078187
445831366
202385066
137040017
348201988
501515139
1868469235
510739616
2255297707
610581652
1969914740
22869601
261896239
1286895938
167572364
418858965
342241389
215517465
245069312
427098948
1481050394
22402910
221844546
34797121
441327469
187740230
256723160
594880645
117461006
329219828
72446386
1255138614
50513061
466994768
257308298
69190625
470761518
590154997
887788236
482327433
196177867
339696942
2226106101
68647111
328226353
440500512
369674803
57457283
66936503
341339523
378164251
311057204
148167985
126150562
484789805
412578093
796096458
73518079
345167235
65098547
410374666
2245046228
1487566723
20633155
52156269
257689593
272675086
917970337
210945356
30729730
48056692
1048629294
1454325565
412460089
47981737
249304485
263400889
251844193
45967642
925776259
415136537
393012135
231215308
466737617
146189010
100030430
141656776
378992019
1686666637
979011716
582674657
173314971
706363902
352779926
40744641
2324932196
197131045
424080928
2194760117
242403738
2296960841
413474627
926300072
551544807
626022261
15963806
27156140
775196845
585793054
428130230
1606582357
232794495
169719500
588699536
537857610
2235404683
17950201
261426208
565566476
318486137
708319700
2188030210
461529323
375917604
460536163
153909256
506542299
78667510
356026912
1015306298
2192239050
279814013
944564204
123710177
276744584
235764604
355136889
1010135809
424122984
18958981
432758848
543702083
348214185
274205249
420736203
175775887
412256107
1260844700
295437154
731167855
549780295
473616769
1858678585
710955612
421437372
1426913568
335448823
273794225
381174312
459501131
471573397
249909691
548015353
428751586
631482516
976476608
573782919
68066254
154747274
790458108
1250035410
132691759
1897411657
63243458
38971086
558807406
454648496
353368371
479756369
228387813
60689800
520440519
1064635081
290256847
77294356
212043127
974323405
209761853
340024870
37794920
194362398
566577044
193142027
147646939
58807257
172208249
456957182
363315412
79361262
126904024
41254178
46397611
142525177
323919406
346266713
423896782
1001526156
743869484
292914013
276650115
468980172
505342629
2318511985
370460383
1494135332
1096724005
506213843
419234048
502311666
788667018
509409102
71483924
418158608
14101271
840649788
1212240350
389752105
312253110
25981701
81244874
463471007
51944939
421505369
362231054
115423035
1375918770
49765514
996412334
42190092
423862746
230971069
15101175
1093897003
139310292
310366171
1546956157
178768070
1367895180
363956674
325932617
20190364
33700916
339231036
567401166
22867434
294180707
465022801
14527470
266286864
484117968
369578212
49564619
1859356489
61399520
357268829
27997053
552868691
1115341652
616725270
499360135
540548826
805717867
1350146995
1282026408
239666946
62543935
385581094
431834082
1258283976
176588226
432239579
263398468
1063964017
348017190
123081520
947863146
2402000420
212503757
954002179
354912746
314681982
357896491
2262867514
2204579866
704760499
395038097
1053341874
436099543
114339687
793016305
216393392
27282817
561460429
627854730
86333422
1293513798
520882148
1273146428
178004735
1455589188
519962266
349877661
317370834
417438199
811656092
124727863
522840225
44002552
262516643
37037157
431285671
15381827
326330615
43898690
253540660
891605520
211304558
183332877
125837747
536386359
309306321
164062511
436168194
356941265
2203681597
1228542600
600509981
570937988
489646221
542949285
415274820
492511146
346380094
2218487783
403664314
584859468
631172873
169329810
425501888
267369841
617885565
443076922
284065177
1677184074
207138856
31343649
744516096
47446723
418146005
552879427
1126630728
618539414
970724845
704219410
172799017
426158957
1282034142
567737152
148022909
1927095402
571514145
287730314
731772697
352640447
334420953
360916710
30060215
66532187
524866597
116803189
516510493
1131892597
1065846589
556408787
319437172
119187899
941790067
274622246
251389373
82587396
194172039
388516155
445954401
22845793
1877501406
480903647
412779415
69198412
824246569
17862656
23762849
170120491
266819171
2209966909
922126837
843795302
1672570333
79828888
423794754
1120627507
436325033
1169950790
401057274
360239986
96223872
499771300
950460120
777324625
1603459784
379263728
15498115
1567589844
741828704
309228314
633067217
99889968
57522578
293772486
112190567
905379415
41829451
1050877656
994210806
214761068
274165784
1283382750
902965680
32914217
385009351
412763625
240855881
43021004
287475217
334311262
2344523778
1199281405
238444563
1311822930
424397372
161546985
17497185
77518867
1564576076
2319414302
461600501
2260741926
438790844
538798098
58569922
423868018
2481544264
2157380072
788165011
418084536
356273934
534996146
561543125
410429389
129610900
537767095
45732931
1507190833
313044056
39924278
331869527
270019949
799410559
598001991
1393637226
585709639
1093697286
189271357
46539243
414943694
409762936
1132316395
508351301
430369529
987748951
26992668
987353270
594068274
385663690
491484858
56383923
250932271
380726476
453125747
566258855
96575241
403579058
103625044
558308178
392395762
200310261
337200445
1345753982
356921172
99787865
496545047
1028528653
112843202
556307893
369766522
9484602
1666956234
39606841
2194912916
1191922052
408526350
264956914
312904311
281225476
63559352
2170193211
830167464
2327479681
940651
255293498
1661438430
210497352
1535795821
787754930
1907943324
415235974
478788454
1007708808
570454981
365861452
526735259
588034739
364076695
730817402
188516506
327247221
295188871
546221952
560274637
161915820
377427738
346215325
531629675
490450777
538591915
38008090
177153448
29189769
230301581
1062007580
503584102
600383725
2159633986
191527368
112215445
1056104778
109366815
2328023052
33651156
18216009
20958083
70280846
611423160
57733928
26663722
612601633
104260809
287876976
223045758
52195306
14545332
1973622638
339936116
43176640
287874224
1028992622
501351103
16321821
1007644088
2327801516
148058654
791633786
69737069
384096068
622473959
118386390
428481565
400295549
477830706
2321645707
66594134
132370643
53833505
50680064
404442181
403101978
136143130
397406176
959891665
520032809
2211401673
498991940
270145103
1339349052
363458070
2246907406
344823771
422877086
539449892
818686393
22852883
230947986
907201508
59170266
478295879
1119877693
392956703
340356686
830127258
164699743
445730060
2348724442
595966737
326517515
405927955
335707897
1413721974
384170036
453338897
1128542515
74849416
243895418
448497564
1332989132
321368497
47977512
358861650
595944664
262360972
1287200406
70782665
776598733
76911678
542121640
630004391
412710678
1490689986
451605439
1398634886
458693586
1641095557
444891462
2519168503
455138942
861908450
228127641
362482020
257727971
49495650
328090941
63834085
310423929
385519195
284283156
749857615
844126830
335609950
418724391
924504870
372009567
17031334
707610217
633974715
349403568
24247129
634767648
253858382
316842760
363958268
231128218
720568002
238695226
340758331
493815611
1278671756
2374651987
617816471
523890904
342184534
2190388845
567387789
351842402
620680222
404191410
449319690
437910231
21544913
215866445
516889835
232773504
248735932
2268993148
61210309
625062453
396116279
400326833
248301208
517996930
2212765642
261871156
906844160
163533867
387472310
95126430
425444542
172786330
497992897
26841261
2306295327
50876058
28821307
785550739
1707927792
415599781
1360353146
465596313
81192650
334990869
288359997
363419234
1630906536
634828950
344465488
28922171
259538129
405267100
606516185
495647452
56523657
346881230
18489552
1337444258
1112820884
28590242
572213547
139886449
988212583
933526698
346032278
37792807
60333662
454540618
448406759
379104117
577638702
274160685
273667497
242533552
262957919
1308825092
598798936
267294664
476394553
478328583
445961104
380503096
33118970
431790109
1380758688
414505462
418247915
386217032
603296562
407376432
635128753
1009872876
344179680
1149451872
24635211
39681251
116957648
49368301
900911970
35399633
125147791
2441044951
866889187
179711840
464681421
59572545
283867529
127733988
2288763090
1641009722
43511654
633569406
585981766
328196896
53302470
351973263
1201978314
1046928288
559163168
427128074
755594065
872614644
627033610
2207634789
357014150
92472248
65806513
1957413078
515717590
2165651008
1399383727
1898649426
292643315
14691200
257267329
519088157
1582396670
2275571376
495209933
1265734928
2328250320
385174484
60236863
18922627
347572182
383901955
1149547747
262488848
580350006
130973557
249430449
262335366
118218671
1324567999
38572777
45973947
381707826
450989804
266389445
2270289473
901247059
92038987
23147668
374128846
280840876
1950536108
323011659
293923160
523539873
855708164
423102752
230346150
443872617
10904
415932952
1145277384
414263747
16224892
1447186687
499034281
69191642
62641838
405923419
574755005
298830899
147408996
69215054
44199763
16508199
261287903
34755465
16704192
1442381796
788702430
1000208526
37989785
388291007
506319887
911503812
985940695
360222158
503246270
49341087
17390856
97193367
15374215
1937518890
178319468
1459797494
172936629
583460808
1071902227
1081344762
180163943
24479360
2242816704
304677321
299372750
2307807317
327587923
2350453652
189870616
996247603
67181764
19001870
44988613
1090586317
36988840
1409136810
319767842
22397456
55661808
778866246
409570769
515094611
325068954
1016538859
257162063
375618732
1329480829
239977224
426785564
34942379
309283803
76793278
364310829
569521721
631503667
303492377
620263299
103736009
42981528
286027095
453538026
1088056903
280024930
350024954
731888904
61371470
212068237
521459961
252867450
376361457
36192770
579944122
475311248
831841596
1064131039
1346032219
1532415536
119489001
353792211
21533209
257070987
169650823
49602747
326431480
1022871535
350489388
366433670
1494192031
959147700
1242921996
389140175
1275891049
2528757813
481687630
149000728
634268080
293450074
237933188
16075638
60947219
459776416
253902791
572221804
287339115
21133455
463210469
1053706855
1113296024
82203536
778571678
282587641
19460711
399801173
415194314
627138221
439717446
276732277
338572903
96399442
55735983
354423520
1499514151
476059001
419118498
238294954
118902118
131676448
346776477
229826755
320494890
146964967
254103931
1671581809
181780390
720637328
30227550
75915702
201482951
2220591544
522656150
33782719
503392531
73230834
255728877
1433486419
570399474
519205657
225585159
160952169
705924407
276283181
549518842
117526827
1064690551
499506562
571793141
443173805
228911014
464820679
29336106
1354663279
221949960
486186705
297655927
624204818
77810553
526972926
239633854
257729693
748554751
30396002
2245061568
270746326
20569692
523789191
441200930
593023079
498993913
455434242
378768749
1711529822
331319149
424208756
779924173
891753139
62478803
605971604
2220037459
325177923
874734018
241690640
18448279
375697167
547180832
104004409
9154112
39415403
20541923
47802856
1112534874
2348707327
1049424182
376414141
69631505
28582414
1004981383
45009301
270845259
521309403
127294825
344397931
284366698
164338144
300009584
49479363
39892789
56805691
287942886
32930588
637045214
50129832
491513584
110871820
993794454
1525809313
537698614
585218904
132349972
377756675
402137465
181393944
351335193
407229938
615325753
1055397896
586254799
560765713
615269918
411757515
434641106
175085127
857485886
2222105006
389579162
552377342
416634295
31468730
84424109
365641173
496588443
54375813
436400766
838945938
1568823272
30254624
539665464
215265406
783142339
239892847
139695675
367362150
261727651
57112601
356944299
382518900
612200628
612917208
462624153
204325208
69747034
2329269266
1635679808
95127823
335700572
339060131
926337362
174437745
820459184
1611670422
16271908
321937906
714745788
777437496
334859057
79567316
33029513
1074819648
21223776
31263956
766704828
349766653
547178050
62702847
350008075
746256787
329455249
478207368
392883558
1045856108
21968919
2381093764
317570487
20878234
432130694
241263130
857377944
25741501
917574763
178942497
745431828
145454147
624359401
41474458
355521822
353802074
2267887974
56288844
252890970
47691530
296914044
1414291964
37839242
370943526
1563614216
325612881
1607423166
240866980
19313718
1523229212
860545783
1575787590
297111286
309849014
2382646640
714838525
304738062
15373344
64620096
448327155
128333327
70452912
608510288
1194974436
206934301
385051124
48562824
1032041587
377602511
446357854
131709086
1059221851
1371157495
393091456
571423372
18871454
1511955152
84444204
406362194
1519913785
62443864
178268535
259115781
499251151
611246828
150867596
814114022
385904549
1155770851
73655484
2152974129
352066397
2278314566
258332940
200351318
273693374
328852939
536843902
250847754
315375757
240064122
17987054
276070804
980596303
1454301924
621289926
314348764
2287597632
40280950
355019139
113258212
1046676444
1594649784
346237801
353135053
715412676
364098507
1444582038
1635964549
19951049
383855625
537859788
426940446
43736709
10203202
110272658
1080648193
424589675
1706991684
180158819
505351403
31236811
616725811
298329310
281351557
790579464
461430710
402952929
400775386
29531165
383857997
1072802917
1198554823
49724329
355324534
305823045
185302020
60980821
212389393
759551048
418686614
463931208
214635703
94030975
317972045
1289016601
636816950
1315170259
501466384
24354557
406554871
133432374
544322641
33556070
51261064
237990326
517028301
547220904
46243666
74814357
137240004
120327894
837851773
94473636
608395161
46151227
134921337
801470581
549719051
170755619
494655320
320865755
625956323
595272678
263886213
349960914
420063323
707738203
403612885
407464655
197263943
537885071
359514121
415924621
259803675
2379616386
429612451
308281899
396092245
373720988
1882884583
707457445
157823808
477326520
1060827348
1051310828
542039748
613893464
633226717
1378427660
348875277
256652665
393844977
349289298
100922980
147354110
330493382
270091427
450065628
1095731310
343363946
522719017
433670183
152829562
1220380135
480023194
347766979
50324167
20253233
425445426
825289016
539588852
346586886
254303716
592749190
590616035
787372567
582882232
580511877
492597566
24545353
493072051
256789763
1055790048
452553250
229996827
315806893
523157718
116818753
22156308
979686350
602754314
2174321
53697871
203994811
350681862
344177736
237070302
351818219
1042674570
25623336
398144309
812250067
349067035
1167603404
420632620
426885643
546447023
1880237430
165153571
64107533
20324038
474452909
377518542
1711677194
70834858
619659452
381686143
290068304
480755255
56501179
849897866
1240082899
255417076
511340084
1154696450
426177366
567419455
110920497
37327158
538617618
597676376
224045457
1918582429
186134059
32929775
495472339
1574338916
420082040
26311825
223496598
899057708
426978756
101423802
159010532
1648877898
39908130
322870307
266051399
377395987
1175886769
1370963827
48748710
2377949743
2216467178
1357008080
1129144490
505989443
352108044
99133259
223927431
1209606193
15634564
51474258
365108939
1649125118
423699725
308743956
727155462
627280157
40378935
1131925892
2363209686
334084771
903935126
391104271
157803849
18901016
420090376
1539628968
1959680778
2571155457
34624104
415578939
495574872
626086472
1608652849
1454801581
201574137
23220796
993145940
28217386
830548507
261933134
241338957
601161972
1195056175
114620536
513936959
29422988
48070733
259539492
492388370
1064600264
232706669
1328363922
205459636
19168149
2334978148
85177686
276110836
544479937
105246841
1226483378
15747084
2254931929
221855422
390719515
68006100
276091889
225930992
278789662
19358184
373785209
52863106
376439541
22224844
211967480
411183367
400493924
271402490
32540274
1232802822
1019748918
20739504
231139287
322881012
1580809015
727333003
434980795
586729933
264448173
538578666
246119373
1737301633
59287473
717105452
130282441
322963021
480828212
262751054
345637983
1571940319
279625832
566005623
224345424
980660354
352878217
17917257
79038400
467106382
543017359
1385653213
39336746
391706132
156107830
66169068
546950575
70533195
536643130
561262655
260506872
606026989
44259561
64810613
29548883
2350206902
38597506
309058416
545476999
562402566
343512769
344232263
2178746244
318059658
197181270
452240528
221530391
126691744
312695915
1056473960
290242643
468985067
433784683
864426252
112563685
415917888
2295089436
168706642
51459457
55246119
421444413
537628430
783244304
594837932
412663170
271646728
260454228
267481385
989718254
28234407
475499921
479260754
195836095
237951376
861980526
21331235
63228772
2395129399
34337589
1041423830
120919923
287472635
48180050
536873277
1164664627
449515238
1335299138
707959034
35884944
18533719
178747189
249805079
2216745450
2170048965
374259313
127553471
315853860
251236197
519019068
1915249646
533606625
1419303678
71598880
30245995
1893462830
730638486
546736709
413589401
1306938734
472573645
164251112
834873644
434450832
312370947
318635982
1578275360
149923918
64890601
861511147
930866282
537722414
724323505
379934287
469764517
754472635
368653006
470474672
141818542
49977558
56838433
517160098
65963074
58796904
1168994888
486369936
516151662
162592512
757759956
451844229
503898126
317931954
162933376
414892681
231618677
59800703
555702633
179218508
598677046
161600560
937180165
2256782228
437031210
1090723568
364932529
165451166
485751696
605964274
829846897
967116044
496406549
247611959
334388079
448519164
42967064
745920942
552770773
426819771
223948981
19945871
77360762
1170378925
1231903356
555257318
283122186
545426187
453482634
330740018
473047004
576709098
522741545
1096948387
565050653
338335970
439415905
80727944
709644468
983214138
23625230
116082295
185042047
1040123132
175607356
48815976
73245057
337466585
817886420
1641929947
422125453
826342543
382960914
427970045
963113228
258215369
221828116
1390128277
21950044
94219016
223307256
101147065
407990363
866717342
323585283
155034383
1263697376
308843246
309574664
71611608
1227579402
1018547508
413494709
36691113
14530341
217511601
339342547
21000267
104010520
318143431
404514142
1488267752
23334615
60434210
410030751
549657659
464792211
364360164
406663613
1335170641
1614078366
1320925820
2426145703
230597829
2284260062
479251801
1443792175
2278141557
420547330
22836586
489543855
1023360092
238992275
61568018
291897800
454265504
25789034
394777249
266951948
374231311
2214278960
152384002
256069170
221880913
432865796
932021414
265760773
158479799
115065835
204182899
370515167
435849229
334356021
334184557
313440615
992070768
715258417
2155480407
401465222
2246485334
2184222147
2151670762
16213045
499010629
1571301990
287776414
1430813294
366744934
494395788
614946264
431115158
19560480
414473795
41061226
291917416
369296661
426296467
25164879
453670164
378274152
548795294
440507343
69184956
77789660
463196774
256632293
844786146
726244110
596040783
453584312
328056560
61064857
1228410716
283689974
39384997
878943438
480041072
103155656
869898884
359464095
60726440
92880306
299372871
417477030
38454964
840892974
86156881
948561727
207809893
588508580
1928773364
340087722
969291056
1893623712
350362011
29020637
423021827
1112568788
74033324
354124940
51601803
29437680
20480469
837822228
852072780
161596494
1578418512
547220733
414366007
600998394
572039474
146973833
170237970
263728592
497391737
394402687
503698891
445685851
1098522913
366863142
414481496
414353845
439739750
400376164
635806238
424664729
394792102
1131009248
335345484
26667617
741962574
856303596
287893393
813979632
724836084
753604951
410118056
417212090
543605673
219071416
89861862
2199902341
2515604146
18962278
706163760
222242649
630796976
99625440
467002258
583586246
223643459
1340775512
270547679
378014828
445317020
480931186
1365236226
934620691
15210600
306234840
385716320
85659268
393004066
375779861
452570879
1025129870
276814234
378911470
956719920
34475336
5751162
623307218
461644197
339147429
407377222
93975949
525926754
942318462
409295172
1370739848
1977033576
26924916
138843410
728560488
319832184
280824551
132695835
20953256
799026776
45964771
477174691
173239771
443076622
571344460
43455305
604049022
501067606
580230881
1040177516
1491990126
252707124
115846519
66068118
818599891
1191644245
161847323
52556936
378271585
254720907
1132978315
224375425
176906250
772142016
300979737
343115788
256349527
308142900
520787975
28566245
597727630
425320980
519012887
506566934
75282696
616638148
270608637
205356499
64248502
441342892
348851233
606701178
1457236814
89532981
434533936
22629449
272665022
287293125
208326889
324781022
104001356
2431230927
419783706
620609136
29316881
1321525598
818833482
1917907424
1000024688
1022853510
178109630
472472747
26842169
2310939379
286714608
397579648
24957185
259972211
352503585
33568315
378929859
596916861
326887460
477324659
339074477
505010396
204505963
434549510
577238207
1135496947
284760501
1724258521
175968793
1219659205
54808305
295689506
416644931
525040283
406428935
1552293775
37213910
877134919
329118726
900925218
29036253
349281690
351846217
487843108
31244493
60401324
89012954
1332619734
1031650466
388319544
605097348
792400040
373935962
354651864
1733866838
54212181
364606289
64543801
171811170
292889426
393841571
69966624
74417000
852951014
14360516
889097353
573176332
276172891
1114772023
30130787
144015209
457680772
77552505
425487947
30803553
225090222
26008201
1891413276
322264283
527547886
1948412226
479155028
160768197
560451715
608313203
509393552
1332821540
388394097
446740993
499313095
568515002
351879629
85944118
454356318
17701258
248032871
327992205
92893668
537631235
874825374
549647392
626155479
234951871
1018784700
856727676
1254510174
25461520
41192517
263782362
178143894
1343140057
371303337
1099249830
278065375
1613533657
1229370164
1053365054
366408632
480958205
431153265
25896434
342447371
1486243603
1287235652
327093714
155319365
26821056
45939311
575055291
1228902240
255164014
431161784
615502247
290517255
1043613408
184228033
403009970
50207209
1368666025
257368712
415211793
201052085
85004994
297096773
100833768
294876869
1905628531
34836586
876734071
322693916
1016914069
197438242
1583109697
286166911
774926011
336857045
977058858
768380431
383963805
1036588568
108823920
2381223194
633053300
42546031
183060793
1154659621
203690332
384621166
313605446
954526356
338095547
343161278
230863523
239244714
357231302
393650316
16752739
1866103183
386183139
472417391
2227789988
2229992139
27178689
314311593
740003864
576680996
433849380
390314997
567581408
300333254
176303880
470431531
55438857
16701577
448426605
44183146
770634931
14973356
70151037
240424423
1063425216
1450501442
2560636917
28158184
318813505
440596767
548898135
2564197456
800057042
363976118
131292817
292076528
973062330
575691709
618397983
741073039
1386737119
597054105
14285060
311074715
16366972
267049429
297598994
516627734
414421277
532684566
750644150
581434264
945107396
358481376
220799041
1349310098
447405823
2284026633
783272972
727593690
307965155
863968422
358467462
480011748
781673407
1705656456
512492738
404438237
973176920
329037621
296300582
466081422
350993275
206510109
887921251
702115194
414431721
1341895477
1021214665
17597118
497866111
32265491
52392653
47029506
585144515
351024796
497024634
829574778
468062969
29342854
406358674
87332967
58007379
97905220
108686584
284087236
166226847
279822493
619537853
37544439
722411102
1950465541
30144012
474344902
430871596
23375934
1318632763
1510827620
122998667
397554649
246976393
322919952
491584859
770404412
2157853455
1041272562
478062766
206006462
30713122
423081090
501411013
792052573
628805345
411935028
415030595
336158511
454556168
614257329
536641683
2198877865
836238096
1123510813
378313959
382986452
619414560
423830902
66518296
606065091
446055013
605628637
73249189
1445330024
606840516
272962226
807846793
628479203
102447325
2326442354
1038564589
500871721
16683932
563162182
163374913
759643260
21221343
1613348562
344962522
1948000260
2361611087
17155112
1616462143
2152238627
365207986
1137927260
437147170
26746155
345653080
277421038
489916949
2153046147
705130381
134939857
61177766
319435013
587669249
2295491943
377704286
284651611
358856516
485064664
33461229
430329135
1906558387
448363002
18004114
846491263
103058893
48763478
37459134
466673585
242894674
2540525137
44038635
28943578
840232524
185411807
565665988
412606686
344172524
1154435958
77908705
2159004673
1325904354
50738614
21776992
608439146
79315485
100047569
324765255
1917368714
276736041
179686132
620233767
2462498369
1217198761
221780652
359660607
452376580
392177831
621111983
359066658
573062761
1126662620
626108026
357506359
513235881
274847843
822124153
600926110
394450745
422919131
364939041
599512672
292121632
1682009833
55673078
26908464
43801700
897963757
428762317
311242495
506957372
991499634
88318161
193066665
325904047
789800514
251805821
989491346
411105457
2180569571
1384745587
1666658816
54279220
314228498
17390332
807903637
178322773
1508497446
384645025
792301040
366375921
318053091
72039680
1374930559
420512172
539477310
270032458
600513981
83215390
732177674
250939457
424728081
15941420
302927930
576651238
956497724
46441974
337771607
366195774
306213478
458467970
304572347
442240220
421596539
155244516
355106983
385776001
408546502
1362351768
560042036
329933825
159148612
232364537
469999749
339829402
270651810
1149978073
782412901
403447652
211941094
983820751
620489552
1220338074
464243612
1013637804
350474801
235704486
166717236
400245010
33196667
393606185
509529484
30332048
171217636
35624142
466147644
702154226
1131992796
247662214
395688887
352048428
32448651
933155455
512832525
349265907
308161306
236600541
750560408
236073043
97304351
362887420
1096375362
432855226
364037306
273159181
314706154
467925384
458746909
317225601
40975164
869523318
34121343
434925329
1026852025
165533810
1244707862
343709777
443400056
398363862
154972955
415908401
292719267
300968848
1798375448
203068349
355928693
386229466
479117482
21925880
853394138
117333409
318086551
457928072
366693132
501449101
1306313796
34299571
64649906
341587941
373496439
182076907
759680124
1522551925
385008232
27970716
904764986
843994315
270670122
456320796
35773449
523645483
129375440
1674306020
441646435
540879451
834139326
2182740978
364251938
1624350750
584277354
260952366
9630642
219430753
1378285626
221875816
739436941
53538172
555262119
318149575
356944588
455252315
167179899
429968583
262897822
1836829722
78312964
124303761
35483772
261771830
34122995
1939421635
930711578
361929272
179637474
554702379
15404067
359962764
1251659378
844701841
206164527
242169212
179705277
218281262
759532262
911378420
280235566
411966426
147072822
92372826
263405458
379371616
152005772
445589206
2436428036
924514842
415886723
423821388
39391033
501236334
785799013
1414256755
631294126
1206014317
20279990
265004323
193940022
394003638
456156845
465272705
2198493529
337891465
716868412
78142155
551413253
227071663
1014069355
447648642
1700625048
37818164
449187035
205247367
317962676
177915341
257603013
878289943
2256224709
389193126
298843008
71320763
404587732
154315402
356599335
634613569
377782593
206863274
342447842
1180282440
311662376
374068811
1656681480
2203533196
97005194
1015495627
854706373
15841837
186368062
253246643
443791903
319875198
805312279
1007345870
858460928
805953428
85691557
412372741
33464784
372609477
827997786
371925973
2276684340
1149145596
385624219
1163869782
524623119
116301118
127351848
281107327
1018829778
420546943
1651090016
355334100
43888638
91627573
598965765
179519336
339199038
1118567624
713633864
333852166
1321534339
33520350
265671627
75961577
326090119
2169189630
575667889
609828279
2590024973
946318724
309746544
373058646
609779575
85407685
338176069
95716271
207771451
578521628
39862339
497548705
776503448
162574603
966976658
100897831
287179701
69642388
363733989
29887363
338676827
1318998230
30932693
570436235
453549933
167806361
25829907
371957360
14187944
437009114
229543124
22043582
375230663
490523217
779430985
272629029
224855976
326282931
270095840
1267737150
755554916
628796115
33663917
28180862
454417592
1233045228
234454104
460855034
2229612772
819642522
206394578
790105279
768565458
258543232
40747294
434636746
29580955
374645059
430019392
156734366
383901616
342392954
1483857498
328665638
552379861
526987103
797922890
380004038
65228014
113200762
335441705
354173100
542965663
36170106
403645417
343480907
764807281
152257613
332297148
18649320
118854763
288303549
1732496971
28973554
67600453
266861558
216980494
346746092
145779412
126319834
412718556
24779087
221446387
852329670
129390337
487779307
766911348
71675638
559630074
1526746596
423926706
2338893990
1661119267
74597527
193254685
1112405984
98752257
128145599
603402189
832204920
470450638
512733574
418871718
22543345
532707812
1626732318
337390596
260912906
65628485
2294499111
451937434
25667663
187019396
91117602
437863517
390393929
143697889
1467453380
112539666
288506238
1154869207
187758740
1262101867
495197668
397944202
393014768
81000412
349230592
2323801693
981835700
414998035
479679560
108710943
153276893
1286446920
1049260280
1419015805
9358132
2458640145
283820427
150936681
715519858
943700616
403581292
1128723374
359591067
886117208
713230808
1413785150
54592790
627943495
33927540
126018228
60770700
305308431
345766562
551633967
846233011
114964567
232669589
368451700
720986825
381180566
1616227957
948756846
378830162
399096976
399769105
874860925
1465574268
592170893
50771272
1942590152
136124889
48157361
58303871
1938775015
429898297
409635687
71909574
390527780
100398146
385196702
1337907127
1237650780
372938368
924174901
31402706
242997906
262825040
337754272
930046950
26514157
1546080678
416734236
772745946
259594872
1468771231
30130419
1907964343
46893742
458067706
107258702
176514779
442105844
249433362
369194942
513340343
228092914
242688882
288633371
2402950667
48281126
5470522
81951091
398805944
1289899759
614348359
1148454829
1265562433
940209558
59321160
529345552
1546750051
807990162
272898886
31548565
1434144188
635563761
307541879
196587036
242354165
97578353
5027201
368999535
299437715
23359535
32579807
339221231
334712733
1420707086
1429566968
1100034648
106939159
635887831
1640727086
503722356
851033900
364062585
268304988
496391555
344711523
58254657
558206052
472512119
530927785
474608937
188068596
452498169
402261512
1070497848
21704335
46999643
628512679
29299954
330402555
104979781
1367219184
352350467
1949901931
341843747
175630071
375797417
357759494
37279868
58261486
266331299
1085130504
422406570
1172878070
418914569
328349618
30980803
35957354
347799913
1456575332
299494910
478137262
56271890
540939047
522485062
623801254
2368449974
2409629557
292250641
1164710894
937656944
486057962
407433963
540243972
477813268
493601601
532266142
65667503
557434944
1511673662
29154616
255276297
1134405164
90043545
246516543
462979589
40593863
716525923
498132390
66232137
373730695
2188955955
62259843
587968422
985642562
302080943
134977824
141991003
471570974
34086127
799377032
258588777
1250369418
1461184315
447198339
14390473
485777932
1312215020
36130501
390348138
1227954067
71090492
467028843
267611336
458978221
229669791
180873334
296010186
384537318
531856229
97077634
613497959
168224143
29812318
53040142
32753670
496614199
623943742
186713227
308599755
582361960
164302546
1005568976
278320408
269519014
24710191
119163005
284578814
954042248
334876737
840888300
434518714
488814710
140488542
337456156
364075870
1278289566
22840044
2414122839
317394281
402885850
278715872
118858416
384902887
27590675
485219614
1700752891
293831713
487007565
43196231
24212439
369124469
564174541
415107548
1557861570
1500409196
36223753
227855470
862089654
377579190
443131159
489825492
518019798
341807457
162733508
963506797
1096847546
216154254
2317261361
1480688750
293257700
1235682025
870323894
299482358
18824805
438731540
153920642
44527064
21451513
429562705
486989001
329424876
727594465
401653344
430317905
457567100
1560604860
270091117
41620153
713653086
262497248
469853573
78640054
1055354557
240863601
126382407
46253228
34469660
41641466
364327072
387688486
246091187
2250188977
353410586
37048835
494256986
822428532
1184133608
390550546
987009745
168863846
309240233
288840340
17352274
339434234
504805306
838741736
966183715
265836382
476053422
939365652
41262839
867264276
203386168
602158963
472362889
621835593
72163208
1231196310
393846957
101530641
163877216
36373371
33643681
14994922
353920255
118352647
1681577106
261443591
155368821
2436296434
1708236668
64587591
454773052
45256459
161948133
381683233
862393082
102779310
2312970171
2371854348
1066367714
1411750597
21828558
418194101
295326304
589036024
2308759064
375433504
87313228
613014859
142135768
57106165
783576895
165513181
288393690
610242883
70080252
264937048
31444485
36979433
701949572
762540199
68827868
878956951
341677851
83300544
60749750
1104964933
466184904
370455428
356726929
1060970616
1716096812
384505253
347667880
25348246
838192298
182662066
349366550
79464194
355423908
198595856
450146645
38711554
127725916
34683710
287933263
1857821527
336328628
465599718
726729408
468097043
134531051
252251866
28215411
231244127
54296207
459724364
543749016
246607645
163285325
1199013901
417203857
634316403
43885961
27188827
950319913
573140075
19009802
396076814
240411771
24048601
81704278
62878779
290450546
15803816
876965256
971155861
19729996
6216572
124572602
577510557
130730889
394728054
48247505
1035949681
402456543
400057506
911304553
1270330746
1015947806
528162083
33265725
1311266005
510295054
529591124
1884448057
63501225
284231619
754497
240924239
357776371
155120852
338794529
154271239
865362180
823844490
421542414
418282899
458873974
481586138
437484615
557213111
299143533
745857422
183028115
783268562
426167317
379816682
285045890
485312374
46569924
295463958
1614349556
373575476
265565247
66276001
344469057
28941414
32685247
1718751890
600223890
158366452
535424330
329700891
262014700
48357184
2227888875
357808510
599716499
2181125259
26049500
392699684
274177143
465961433
231937049
337276811
362301562
421453413
457795783
355301980
1580689579
380662672
1295639797
1297195476
147101061
73211074
422259012
1522634250
5960242
468501471
276322466
909210930
509438985
16463107
1723787610
428380026
16490920
451102426
720911372
453573152
241757349
151207141
542138441
47543706
1229088732
898730768
31326199
19454250
433579435
56170010
