1520589512 1905628531 505351403
1520589512 1905628531 441327469
454417592 831813589 1013637804
206353121 322264283 274177143
206353121 322264283 30381722
206353121 322264283 312253110
206353121 322264283 255417076
206353121 322264283 426248953
206353121 322264283 136919315
206353121 322264283 467102039
206353121 322264283 62443864
961717568 2213298486 328389810
961717568 2213298486 469499834
961717568 2213298486 613497959
961717568 2213298486 79361262
1260468560 272735718 1167923736
1260468560 272735718 479260754
1260468560 272735718 245577690
1260468560 272735718 261361661
295326304 47181427 245974566
295326304 47181427 322963021
295326304 47181427 53833505
295326304 47181427 444393731
295326304 47181427 125228166
295326304 47181427 166403903
295326304 47181427 464251735
295326304 47181427 537885071
295326304 47181427 1611670422
295326304 47181427 116525031
295326304 47181427 51944939
260912906 414015147 384537318
273439057 240532558 390527780
465272705 1279133370 350489388
465272705 1279133370 417212090
465272705 1279133370 2238340681
58611305 325838892 185091406
58611305 325838892 339221231
394450745 295437154 545426187
394450745 295437154 236624181
108739744 1332619734 745746216
108739744 1332619734 204505963
1661031768 1318998230 230297477
1661031768 1318998230 1722389515
1661031768 1318998230 1154435958
1661031768 1318998230 191258359
1308825092 558807406 45470777
1308825092 558807406 403794939
1308825092 558807406 831841596
85296016 213117283 572859323
85296016 213117283 829872056
85296016 213117283 336375778
85296016 213117283 65813747
412746336 455001380 442453151
412746336 455001380 406579027
412746336 455001380 335484136
423881529 443076922 49479363
167572364 561543125 419240263
961717568 827328572 498531108
961717568 827328572 950319913
961717568 827328572 625611692
961717568 827328572 959891665
375433504 347665020 320494890
375433504 347665020 317570487
401465222 525876398 355106983
401465222 525876398 1318632763
401465222 525876398 634191272
246851168 210593419 42981528
246851168 210593419 232121748
246851168 210593419 179149487
246851168 210593419 299372750
822124153 758222478 790458108
446740993 1034703540 29548883
585981766 364321254 400295549
585981766 364321254 349877661
366470233 231354049 355935368
366470233 231354049 2227635734
304572347 463372852 1411750597
164338144 259047972 69198412
9154112 14570002 756083
9154112 14570002 15101175
1301923104 223270654 50207209
15684468 112190567 139695675
15684468 112190567 44183146
204505963 911378420 570436235
623233984 417443042 36223753
623233984 417443042 515861956
623233984 417443042 482471771
623233984 417443042 463142111
623233984 417443042 600383725
1242357162 461453859 249909691
1242357162 461453859 805467463
75631257 551413253 49479363
75631257 551413253 902969689
75631257 551413253 423090357
355019139 1049536556 105229582
355019139 1049536556 593259038
333682242 342534677 340405527
333682242 342534677 572859323
333682242 342534677 178109630
333682242 342534677 516889835
333682242 342534677 312248690
55438857 26530765 225090222
55438857 26530765 41620153
55438857 26530765 130238097
55438857 26530765 491513584
55438857 26530765 21166177
55438857 26530765 1136300857
634191272 449267598 179367025
57791944 32963201 109726341
57791944 32963201 72163208
57791944 32963201 377709628
57791944 32963201 96687299
57791944 32963201 152257613
57791944 32963201 102447325
57791944 32963201 399745403
57791944 32963201 65289597
276736041 349502658 298179561
623233984 515861956 260150778
623233984 515861956 417443042
623233984 515861956 482471771
914919426 488032805 522656150
914919426 488032805 506307548
114503297 29619340 251844193
114503297 29619340 148374074
114503297 29619340 1169950790
114503297 29619340 17022537
114503297 29619340 112190567
283209316 167944910 210593419
309746544 276281922 104004409
11007392 276322466 203068349
11007392 276322466 349735925
11007392 276322466 296914044
52865666 478328583 902826068
62443864 206353121 30381722
62443864 206353121 312253110
62443864 206353121 322264283
440500512 522719017 418209238
1112405984 1959680778 853394138
95460171 2227888875 2334978148
353410586 64514146 627072818
353410586 64514146 942318462
64543801 276172891 337390596
64543801 276172891 420068214
64543801 276172891 100897831
64543801 276172891 255417076
64543801 276172891 162733508
385716320 781904888 36373371
385716320 781904888 221530391
38597506 991499634 248365616
386063602 421596539 217212926
473558443 1306313796 512733574
473558443 1306313796 228127641
580309240 501236334 1836829722
546736709 49873110 245577690
297691008 177078187 163533867
297691008 177078187 328226353
297691008 177078187 400493924
297691008 177078187 439739750
297691008 177078187 498132390
569205554 430852853 987748951
452498169 1015306298 440507343
400248752 59572545 563353370
400248752 59572545 337456156
400248752 59572545 34147889
400248752 59572545 453125747
400248752 59572545 320494890
419234048 2188030210 392699684
419234048 2188030210 750671316
419234048 2188030210 837732282
9154112 15101175 14570002
9154112 15101175 96399442
9154112 15101175 717973
620263299 528141447 726244110
620263299 528141447 392643473
620263299 528141447 339636756
620263299 528141447 451792334
620263299 528141447 715412676
620263299 528141447 2260741926
620263299 528141447 514854339
620263299 528141447 597727630
620263299 528141447 623307218
620263299 528141447 335441705
15005656 211909983 2291425094
19675872 21133455 62478803
614801124 159010532 178143894
251844193 2329269266 64248502
251844193 2329269266 69095257
385716320 221530391 781904888
385716320 221530391 412372741
385716320 221530391 126382407
19675872 423699725 62478803
231904025 1232802822 900925218
189782177 318059658 326330246
242533552 384085576 588034739
108212009 20480469 170500234
108212009 20480469 42568817
580230881 856303596 1013637804
580230881 856303596 454417592
580230881 856303596 230323409
580230881 856303596 1240315986
580230881 856303596 1228410716
525926754 2515604146 326887460
525926754 2515604146 433843626
525926754 2515604146 477043193
525926754 2515604146 446357854
374645059 1055354557 492511146
374645059 1055354557 624351947
985602242 437614750 921899035
133060802 1062338244 526504588
133060802 1062338244 121860227
133060802 1062338244 248301208
133060802 1062338244 261238958
133060802 1062338244 53697871
149000728 316520043 54714777
419234048 392699684 2188030210
419234048 392699684 471573397
419234048 392699684 846233011
419234048 392699684 220799041
419234048 392699684 555066692
419234048 392699684 425056713
419234048 392699684 188417746
419234048 392699684 1055790048
419234048 392699684 1311347707
419234048 392699684 1465574268
364701233 341307876 327231310
364701233 341307876 399763344
842265456 377031680 257727971
34469660 49977558 158558031
27825249 31236811 45972356
453573152 349766653 260552298
453573152 349766653 1603459784
453573152 349766653 486186705
453573152 349766653 493641467
453573152 349766653 335710063
453573152 349766653 702115194
453573152 349766653 565626767
453573152 349766653 245577690
453573152 349766653 30088457
453573152 349766653 261361661
213852168 33520350 87313228
213852168 33520350 199534988
213852168 33520350 97578353
453573152 493641467 377579710
453573152 493641467 349766653
453573152 493641467 114964567
453573152 493641467 245577690
453573152 493641467 565626767
453573152 493641467 265483884
529345552 40219913 262283854
391499076 426111749 521844410
391499076 426111749 856303596
391499076 426111749 989718254
40114214 566747934 39415403
40114214 566747934 227443897
344469754 545563907 392643473
379584265 475417051 516931020
420082040 750560408 311057204
420082040 750560408 375686580
731706432 1029659809 419753670
731706432 1029659809 963113228
175201792 420759047 237990326
175201792 420759047 756083
175201792 420759047 162126261
1112405984 366959229 294911015
1112405984 366959229 268652997
1112405984 366959229 471547660
1112405984 366959229 470262951
1112405984 366959229 299482358
309746544 308186811 521844410
813245912 419234048 855708164
813245912 419234048 471573397
813245912 419234048 1155191648
813245912 419234048 496588443
813245912 419234048 426785564
813245912 419234048 1465574268
813245912 419234048 431120042
813245912 419234048 422877086
813245912 419234048 425056713
813245912 419234048 188417746
813245912 419234048 549615055
813245912 419234048 473047004
813245912 419234048 1055790048
813245912 419234048 428298603
813245912 419234048 1311347707
434519809 414033393 270693042
434519809 414033393 269091869
355935368 202892735 423821388
383963805 84427749 63845667
383963805 84427749 238695226
383963805 84427749 380726476
383963805 84427749 596916861
821586848 731167855 557213111
419234048 1132316395 1274194968
419234048 1132316395 426785564
419234048 1132316395 846233011
419234048 1132316395 220799041
419234048 1132316395 425056713
419234048 1132316395 188417746
419234048 1132316395 1155191648
419234048 1132316395 593023079
385776001 1409136810 1129274552
282587641 58715285 273159181
282587641 58715285 258893331
282587641 58715285 338869013
282587641 58715285 415646751
282587641 58715285 635535414
549518842 518147468 293831713
549518842 518147468 542952376
549518842 518147468 415030595
549518842 518147468 526987103
334184557 202892735 423821388
334184557 202892735 2196387582
992070768 441994689 387197604
992070768 441994689 407376432
222242649 177638763 256349527
222242649 177638763 73230834
222242649 177638763 68006100
1129631515 528141447 597727630
1129631515 528141447 623307218
1129631515 528141447 2180569571
623233984 260150778 36223753
623233984 260150778 266951948
623233984 260150778 515861956
623233984 260150778 360228685
623233984 260150778 267583697
623233984 260150778 482471771
355019139 593259038 311271563
355019139 593259038 1049536556
355019139 593259038 354549685
298179561 349502658 276736041
415932952 1123461056 21140427
454635269 328665638 539665464
194560905 52865666 415235974
194560905 52865666 258893331
194560905 52865666 1468771231
194560905 52865666 461453859
194560905 52865666 33405004
194560905 52865666 602158963
366705885 886592005 355775162
366705885 886592005 423090357
1437364994 25144149 163533867
88260578 100096315 889402418
88260578 100096315 564174541
88260578 100096315 25667663
88260578 100096315 1216362103
587669249 517011491 297096773
587669249 517011491 454464866
587669249 517011491 268844150
366683616 351609884 336328628
308757634 361044307 371041200
308757634 361044307 515717590
308757634 361044307 380466362
377761312 199925161 55240621
53833505 347469796 537885071
53833505 347469796 70538418
53833505 347469796 166403903
53833505 347469796 200351318
52865666 722829630 258893331
52865666 722829630 273088151
52865666 722829630 1468771231
52865666 722829630 461453859
52865666 722829630 343793446
52865666 722829630 33405004
64514146 894670027 363049765
64514146 894670027 1069548199
64514146 894670027 100833768
64514146 894670027 369806207
230248673 445730060 770634931
230248673 445730060 420546943
419234048 549615055 426785564
419234048 549615055 425056713
419234048 549615055 188417746
419234048 549615055 813245912
419234048 549615055 1311347707
336375778 258957310 384487504
12522272 420759047 160952169
12522272 420759047 756083
12522272 420759047 25348246
423102752 295188871 314706154
433807489 339936116 344243144
433807489 339936116 414998035
433807489 339936116 403794939
379512464 46501187 270670122
379512464 46501187 394293694
508293224 465272705 715519858
508293224 465272705 2238340681
508293224 465272705 350489388
508293224 465272705 326330615
491513584 1136300857 55438857
491513584 1136300857 26530765
452553250 424540322 554378627
452553250 424540322 494460585
452553250 424540322 483260988
452553250 424540322 442453151
345167235 381686143 334371725
345167235 381686143 52880020
345167235 381686143 42719794
345167235 381686143 431161784
345167235 381686143 556577258
345167235 381686143 270040301
187410785 352878217 391706132
187410785 352878217 462624153
187410785 352878217 488814710
423081090 861511147 400248752
423081090 861511147 366863142
423081090 861511147 320494890
423081090 861511147 453125747
236967872 517160098 278492796
1191922052 431115158 142477998
1191922052 431115158 615255983
314311593 863140226 554378627
314311593 863140226 2377227404
314311593 863140226 494256986
314311593 863140226 441342892
961717568 531856229 26992668
961717568 531856229 498531108
961717568 531856229 621111983
961717568 531856229 328389810
961717568 531856229 423090357
961717568 531856229 469499834
961717568 531856229 500039392
961717568 531856229 388291007
961717568 531856229 625611692
961717568 531856229 959891665
961717568 531856229 425529951
961717568 531856229 346928714
961717568 531856229 613497959
961717568 531856229 79361262
961717568 531856229 162947860
2458640145 347624268 836840899
379512464 336878071 270670122
379512464 336878071 261802673
559163168 595935810 1084919437
559163168 595935810 142780964
559163168 595935810 504805306
559163168 595935810 357633218
559163168 595935810 391499076
559163168 595935810 1318725494
46501187 555754419 380560230
259538129 508024014 790113098
813245912 524694952 1055790048
813245912 524694952 292889426
902969689 412372741 75631257
902969689 412372741 423090357
902969689 412372741 469499834
902969689 412372741 335700572
902969689 412372741 613497959
902969689 412372741 1154435958
902969689 412372741 636520061
48157361 478336355 565994500
48157361 478336355 172123903
323585283 1151613139 280840876
323585283 1151613139 471731421
1223393724 274622246 457928072
1223393724 274622246 236624181
1223393724 274622246 466184904
539761248 61566542 337390596
539761248 61566542 312253110
539761248 61566542 100897831
539761248 61566542 781673407
539761248 61566542 420068214
539761248 61566542 117988044
539761248 61566542 487007565
747221826 321528013 446357854
747221826 321528013 287179701
539530608 423822529 905129886
130568736 357316463 315830174
130568736 357316463 275265731
130568736 357316463 309283803
501296387 117461006 824212334
501296387 117461006 1526746596
445954401 326330246 54279220
445954401 326330246 279625832
445954401 326330246 433063033
445954401 326330246 1566722300
445954401 326330246 1613533657
445954401 326330246 1661438430
1063425216 551824484 503898126
1063425216 551824484 595966737
1063425216 551824484 1671581809
1063425216 551824484 257689593
250278892 168863846 445730060
250278892 168863846 630796976
250278892 168863846 91627573
250278892 168863846 91246694
250278892 168863846 342424950
16366972 498447909 59193262
114503297 148374074 29619340
114503297 148374074 64248502
114503297 148374074 17022537
114503297 148374074 112190567
851676547 447298190 52880020
851676547 447298190 459501131
590405537 55461047 549657659
590405537 55461047 177638763
328254098 851676547 52880020
328254098 851676547 123081520
328254098 851676547 1217451715
328254098 851676547 67600453
328254098 851676547 384487504
210945356 479122934 471547660
210945356 479122934 269153742
210945356 479122934 470262951
554378627 783272972 442453151
554378627 783272972 705204036
554378627 783272972 178322773
453573152 702115194 260552298
453573152 702115194 1603459784
453573152 702115194 486186705
453573152 702115194 335710063
453573152 702115194 565626767
453573152 702115194 349766653
453573152 702115194 30088457
453573152 702115194 261361661
241141288 783576895 32575433
477118696 532684566 557257466
701321753 828145670 146189010
701321753 828145670 417604958
166381826 339997443 416776224
166381826 339997443 343613814
559163168 1265213924 920148506
559163168 1265213924 357633218
423090357 412372741 75631257
423090357 412372741 498531108
423090357 412372741 961717568
423090357 412372741 49479363
423090357 412372741 26992668
423090357 412372741 469499834
423090357 412372741 959891665
423090357 412372741 902969689
423090357 412372741 318053091
423090357 412372741 613497959
423090357 412372741 1154435958
423090357 412372741 2407884667
423090357 412372741 636520061
221844546 40114214 39415403
539761248 230297477 338588174
539761248 230297477 342796436
539761248 230297477 100897831
539761248 230297477 1335293352
539761248 230297477 64328374
539761248 230297477 420068214
539761248 230297477 747956562
539761248 230297477 1315583143
539761248 230297477 303420398
539761248 230297477 352627569
1112405984 816224244 470262951
267583697 433807489 266951948
267583697 433807489 59334926
267583697 433807489 26992668
267583697 433807489 491723693
267583697 433807489 770639552
267583697 433807489 357231302
267583697 433807489 1511955152
267583697 433807489 812250067
267583697 433807489 2198493529
267583697 433807489 141738339
267583697 433807489 737938728
267583697 433807489 2254763901
985602242 921899035 787745418
985602242 921899035 391808916
985602242 921899035 437614750
985602242 921899035 823835401
985602242 921899035 853562084
985602242 921899035 543192956
985602242 921899035 46788607
52865666 1107012654 300114067
52865666 1107012654 902965680
52865666 1107012654 346928714
52865666 1107012654 1616227957
79464194 199534988 213852168
79464194 199534988 227336782
79464194 199534988 238695226
79464194 199534988 87313228
162933376 325623341 447648642
459854841 1132316395 426785564
459854841 1132316395 370943526
459854841 1132316395 220799041
459854841 1132316395 425056713
459854841 1132316395 188417746
459854841 1132316395 1155191648
459854841 1132316395 593023079
2294523361 454422380 456270467
2294523361 454422380 366693132
2294523361 454422380 274165784
433807489 403794939 414998035
433807489 403794939 342447842
433807489 403794939 339936116
433807489 403794939 344312187
33018561 981365941 513936959
33018561 981365941 722465240
2227789988 399771215 74814357
2227789988 399771215 339221231
2227789988 399771215 136124889
2227789988 399771215 42419580
2227789988 399771215 1170420222
954002179 500086135 1368178975
954002179 500086135 902826068
954002179 500086135 635758192
748460850 71090492 725108396
334845034 32206059 262360972
334845034 32206059 400821744
334845034 32206059 53302470
334845034 32206059 145063883
334845034 32206059 476059001
334845034 32206059 159010532
334845034 32206059 394071275
369586225 369765794 45972356
410118056 232669589 121860227
51459457 23650057 431161784
51459457 23650057 455366635
51459457 23650057 266765306
132583610 263782362 21950044
919838610 397666951 1068984487
297691008 328226353 400493924
297691008 328226353 163533867
297691008 328226353 439739750
297691008 328226353 239179122
297691008 328226353 498132390
297691008 328226353 177078187
346266713 576680996 50916401
346266713 576680996 432855226
33018561 552868691 315257671
787754930 836840899 473486857
459776416 28709661 329847512
47691530 321151589 421437372
47691530 321151589 466737617
14248409 29422988 756083
346266713 432855226 576680996
23650057 1681577106 266765306
90271424 54720670 195910316
90271424 54720670 1433486419
423102752 546943786 152384002
423102752 546943786 230463716
423102752 546943786 466737617
423102752 546943786 563714886
245646984 214635703 323585283
245646984 214635703 339980656
374645059 371409871 1700625048
374645059 371409871 492511146
374645059 371409871 624351947
374645059 371409871 115065835
1029659809 899057708 386781154
1064269512 1300647072 1688119813
1064269512 1300647072 449284105
1064269512 1300647072 315257671
1064269512 1300647072 1585633650
52865666 333138651 343793446
52865666 333138651 273088151
52865666 333138651 1274129598
152384002 783100260 1217451715
72163208 275265731 152257613
72163208 275265731 118854763
72163208 275265731 53697871
72163208 275265731 25856346
72163208 275265731 379809139
72163208 275265731 399745403
72163208 275265731 257070987
72163208 275265731 62423990
32963201 376439541 101423802
32963201 376439541 399745403
32963201 376439541 94465437
403664314 318053091 1311822930
403664314 318053091 335700572
722898656 1282026408 343793446
1250427283 722829630 258893331
1250427283 722829630 338869013
1250427283 722829630 750560408
1250427283 722829630 443791903
1250427283 722829630 311662376
1250427283 722829630 340758331
1250427283 722829630 33405004
1250427283 722829630 273159181
1250427283 722829630 415107548
1250427283 722829630 1282026408
1250427283 722829630 421634324
549647392 1022871535 783142339
549647392 1022871535 421505369
261217648 262497248 355274928
261217648 262497248 328349618
261217648 262497248 389498107
436347682 2155480407 334371725
436347682 2155480407 459501131
436347682 2155480407 67600453
436347682 2155480407 1454616804
415030595 635806238 64911278
415030595 635806238 250442735
633220120 480931186 43696733
63370441 324765255 556577258
63370441 324765255 459501131
63370441 324765255 397662829
63370441 324765255 59019927
63370441 324765255 442105844
133060802 415886723 121860227
133060802 415886723 72163208
133060802 415886723 62423990
133060802 415886723 159148612
133060802 415886723 307541879
133060802 415886723 116957648
133060802 415886723 118854763
397376169 187410785 391706132
397376169 187410785 462624153
397376169 187410785 434533936
397376169 187410785 441899332
466184904 398805944 431120042
466184904 398805944 473047004
2180569571 471215051 993145940
2180569571 471215051 528141447
2180569571 471215051 2260741926
2180569571 471215051 726244110
2180569571 471215051 924536137
2180569571 471215051 597727630
2180569571 471215051 710700955
2180569571 471215051 451792334
366683616 336328628 351609884
366683616 336328628 334859057
366683616 336328628 339980656
2353809057 1722389515 157757171
467752648 1370311921 249433362
467752648 1370311921 520032809
467752648 1370311921 825289016
468062969 551532706 412326834
468062969 551532706 818599891
53833505 36170106 404399789
53833505 36170106 29531165
53833505 36170106 403009970
53833505 36170106 132695835
53833505 36170106 37037157
53833505 36170106 624359401
53833505 36170106 172123903
335668469 1535795821 45745567
611908497 377579190 77294356
611908497 377579190 412791535
430317905 33018561 757759956
274165784 54614338 2294523361
519072502 942318462 505342629
454464866 504220475 434533936
454464866 504220475 397264702
454464866 504220475 297096773
454464866 504220475 36373371
32963201 433875238 1220338074
32963201 433875238 1318632763
32963201 433875238 386781154
32963201 433875238 939210470
32963201 433875238 65289597
358484601 1556609191 456957182
1300647072 1585633650 1688119813
1300647072 1585633650 449284105
1300647072 1585633650 315257671
1300647072 1585633650 1064269512
549647392 421505369 351335193
549647392 421505369 41666795
549647392 421505369 1022871535
821586848 1455439573 371041200
308757634 380466362 821586848
308757634 380466362 1525809313
308757634 380466362 392699684
308757634 380466362 343886542
308757634 380466362 515717590
308757634 380466362 361044307
171792637 326330246 91437831
171792637 326330246 319716918
171792637 326330246 1613533657
171792637 326330246 279625832
171792637 326330246 1566722300
1623303145 391499076 494395788
392643473 607790763 532707812
275265731 286027095 242565899
275265731 286027095 843641516
275265731 286027095 62423990
275265731 286027095 152257613
275265731 286027095 376439541
840888300 415142597 631482516
840888300 415142597 338869013
840888300 415142597 273088151
840888300 415142597 33405004
840888300 415142597 571793141
1722389515 338572903 170237970
1722389515 338572903 715519858
1722389515 338572903 157757171
1722389515 338572903 1315583143
1722389515 338572903 97304351
1722389515 338572903 2176670968
1112405984 481525291 757645063
1112405984 481525291 268652997
1112405984 481525291 420736203
1112405984 481525291 103609967
1112405984 481525291 479122934
1112405984 481525291 536034044
1483857498 1449278797 102447325
330649584 423102752 376840589
330649584 423102752 563714886
330649584 423102752 329219828
379371616 315464281 1115189388
16463107 299405491 16321821
16463107 299405491 17022537
993728738 725108396 207296404
52143009 350981871 31203152
52143009 350981871 1206764761
783732560 256206827 326573194
783732560 256206827 135254544
783732560 256206827 1119877693
783732560 256206827 613014859
783732560 256206827 924259286
32963201 99054613 386781154
32963201 99054613 399745403
32963201 99054613 1318632763
32963201 99054613 102447325
84427749 187740230 221553293
1275891049 924259286 135254544
263398468 79372503 108710943
499459705 760609891 294911015
499459705 760609891 61568018
499459705 760609891 264537498
453538026 261443591 279814013
262360972 225585159 221780652
12522272 25348246 420759047
165533810 1028528653 264537498
165533810 1028528653 339696942
165533810 1028528653 556325102
165533810 1028528653 1289899759
270095840 435483436 809289517
915477506 461858413 48281126
915477506 461858413 433843626
1301923104 283260016 152038926
1301923104 283260016 375697167
1301923104 283260016 44199763
248365616 38597506 743869484
248365616 38597506 62423990
248365616 38597506 1556958012
248365616 38597506 991499634
248365616 38597506 316659316
323585283 450033516 456070770
323585283 450033516 182521501
323585283 450033516 280840876
323585283 450033516 471731421
323585283 450033516 292076528
323585283 450033516 1270330746
283867529 786036932 635563761
283867529 786036932 463290024
283867529 786036932 351024796
283867529 786036932 327093714
283867529 786036932 452523817
1090550185 21533209 117515639
90271424 2158721829 195910316
90271424 2158721829 1433486419
598060272 133060802 121860227
598060272 133060802 159148612
598060272 133060802 53697871
42568817 170500234 335526284
42568817 170500234 108212009
42568817 170500234 20480469
300009584 322404683 16299680
300009584 322404683 65098547
300009584 322404683 296914044
456070770 323585283 450033516
456070770 323585283 292076528
456070770 323585283 1270330746
621198619 115804259 563714886
621198619 115804259 50865626
621198619 115804259 783100260
621198619 115804259 519019068
621198619 115804259 714354984
525926754 339231036 326887460
525926754 339231036 433843626
525926754 339231036 333242718
525926754 339231036 446357854
539761248 463614997 258893331
539761248 463614997 136143130
539761248 463614997 411966426
539761248 463614997 355340601
539761248 463614997 341327958
167572364 545476999 487077964
295326304 464251735 47181427
295326304 464251735 125228166
295326304 464251735 66929342
295326304 464251735 53833505
295326304 464251735 537885071
295326304 464251735 116525031
1055790048 35946715 343886542
1055790048 35946715 425056713
1055790048 35946715 813245912
1055790048 35946715 428298603
1055790048 35946715 471573397
620263299 441899332 407376432
620263299 441899332 834139326
42967064 18401601 836063886
377031680 257727971 2276684340
377031680 257727971 842265456
1583753186 940209558 713230808
1583753186 940209558 1113825758
1583753186 940209558 495197668
1583753186 940209558 558807406
419234048 1274194968 731888904
419234048 1274194968 846233011
419234048 1274194968 1155191648
419234048 1274194968 1311347707
419234048 1274194968 1132316395
362240856 723082488 25667663
549695048 515861956 399763344
549695048 515861956 26340613
620609136 114366316 512492738
11007392 21668677 14342733
11007392 21668677 296914044
11007392 21668677 78667510
11007392 21668677 16363540
9154112 717973 14360516
9154112 717973 651963
9154112 717973 15101175
549518842 425529951 725108396
549518842 425529951 346928714
549518842 425529951 2324932196
549518842 425529951 959891665
505010396 785202871 436168194
505010396 785202871 248735932
433063033 445954401 326330246
433063033 445954401 1613533657
433063033 445954401 1566722300
419234048 755789479 126150562
419234048 755789479 855708164
419234048 755789479 431120042
419234048 755789479 847520971
419234048 755789479 425056713
419234048 755789479 837732282
419234048 755789479 167179899
345653080 227855470 42981528
590616035 487077964 545476999
35834072 38467384 70280846
436168194 19629444 130238097
436168194 19629444 225090222
436168194 19629444 248735932
436168194 19629444 1136300857
436168194 19629444 18964304
130568736 628188714 275265731
130568736 628188714 102447325
123156787 755789479 847520971
760609891 42906460 556325102
760609891 42906460 165533810
760609891 42906460 724836084
234873616 230091002 383785295
822050107 294876869 316773168
110297436 18448279 20233071
419234048 471573397 855708164
419234048 471573397 475499921
419234048 471573397 496588443
419234048 471573397 422877086
419234048 471573397 392699684
419234048 471573397 846233011
419234048 471573397 468762687
419234048 471573397 425056713
419234048 471573397 188417746
419234048 471573397 813245912
419234048 471573397 1055790048
419234048 471573397 1311347707
419234048 471573397 593023079
419234048 471573397 428298603
287876976 32963201 109726341
287876976 32963201 56523657
287876976 32963201 233802296
287876976 32963201 101423802
287876976 32963201 152257613
287876976 32963201 102447325
287876976 32963201 65289597
248365616 547220733 316659316
631172873 284366698 273159181
631172873 284366698 478062766
631172873 284366698 739549254
631172873 284366698 33405004
631172873 284366698 415107548
1136300857 49724329 436168194
255417076 1216296847 312253110
411745829 452570879 457119397
385250978 39908130 95126430
385250978 39908130 236624181
385250978 39908130 378014828
605964274 501296387 207138856
605964274 501296387 500406316
605964274 501296387 770634931
605964274 501296387 520676128
605964274 501296387 824212334
605964274 501296387 415194314
605964274 501296387 342424950
605964274 501296387 1681828820
605964274 501296387 168863846
605964274 501296387 319832184
364606289 2278314566 179149487
2153609288 634767648 869523318
2153609288 634767648 1129631515
423081090 498478498 326476170
423081090 498478498 431976333
302163872 215517465 471214123
302163872 215517465 895570286
302163872 215517465 863968422
855708164 626022261 471573397
855708164 626022261 370943526
855708164 626022261 824184144
855708164 626022261 713709284
855708164 626022261 428298603
459501131 851676547 67600453
459501131 851676547 447298190
459501131 851676547 52880020
459501131 851676547 421437372
407229938 505342629 942318462
366683616 230971069 85124684
1507190833 560451715 705018103
914919426 522656150 488032805
433807489 266951948 59334926
433807489 266951948 491723693
433807489 266951948 762540199
433807489 266951948 1511955152
433807489 266951948 267583697
433807489 266951948 812250067
433807489 266951948 2198493529
433807489 266951948 2254763901
799026776 452376580 713230808
799026776 452376580 819642522
799026776 452376580 511025426
333682242 178109630 572859323
333682242 178109630 340405527
333682242 178109630 86333422
333682242 178109630 342534677
333682242 178109630 213117283
333682242 178109630 516889835
333682242 178109630 312248690
333682242 178109630 65813747
407376432 441994689 387197604
407376432 441994689 992070768
393650316 1338946196 305188358
393650316 1338946196 419118498
393650316 1338946196 555262119
393650316 1338946196 787754930
2168267641 747221826 326573194
2168267641 747221826 287179701
2168267641 747221826 613014859
375729625 580350006 707959034
117522987 292719267 85659268
117522987 292719267 480167596
117522987 292719267 403753980
377031680 2276684340 257727971
50320242 351024796 270091427
115065835 831841596 1250369418
115065835 831841596 118806166
115065835 831841596 366470233
115065835 831841596 1206764761
585218904 230248673 195606425
585218904 230248673 770634931
1483857498 878943438 1877945634
966994728 1936176200 1434144188
966994728 1936176200 717006397
1074819648 924174901 501466384
1074819648 924174901 531856229
423081090 366863142 861511147
423081090 366863142 453125747
21166177 290517255 1136300857
506957372 445831366 65667503
506957372 445831366 335345484
506957372 445831366 339434234
429898297 18962278 129375440
429898297 18962278 273439057
429898297 18962278 410249148
115065835 522485062 64911278
115065835 522485062 407201481
115065835 522485062 355900787
22869601 24415641 45972356
22869601 24415641 402261512
22869601 24415641 27825249
737938728 1406468005 69737069
720637328 364310829 15941420
521459961 851676547 834379358
75356276 564808350 566747934
162933376 1027784652 447648642
162933376 1027784652 933418416
360239986 345167235 328254098
360239986 345167235 52880020
360239986 345167235 328236316
360239986 345167235 222242649
360239986 345167235 168388322
360239986 345167235 136124889
30080450 292719267 31566610
30080450 292719267 66936503
30080450 292719267 442242953
30080450 292719267 236600541
985602242 46788607 921899035
985602242 46788607 853562084
257531561 620584706 264956914
257531561 620584706 67600453
257531561 620584706 584859468
257531561 620584706 256723160
2382646640 1638625032 594068274
2382646640 1638625032 632249911
445954401 1566722300 54279220
445954401 1566722300 279625832
445954401 1566722300 433063033
445954401 1566722300 326330246
445954401 1566722300 1613533657
445954401 1566722300 1661438430
118299392 397944202 720568002
68006100 1546956157 463372852
18834945 16321821 16463107
354423520 520032809 318053091
477326520 805717867 2465306844
385471211 346893253 292914013
31420832 112563685 49198329
31420832 112563685 350362011
33018561 757759956 430317905
19675872 62478803 21133455
19675872 62478803 41829451
19675872 62478803 423699725
1093897003 809712708 346237801
419783706 611687030 708148392
412372741 1154435958 75631257
412372741 1154435958 498531108
412372741 1154435958 26992668
412372741 1154435958 423090357
412372741 1154435958 959891665
412372741 1154435958 1318998230
412372741 1154435958 902969689
52556936 91627573 445730060
52556936 91627573 91246694
52556936 91627573 830127258
52556936 91627573 630004391
52556936 91627573 63370441
52556936 91627573 240863601
52556936 91627573 266819171
52556936 91627573 342424950
52556936 91627573 1022853510
52556936 91627573 337240457
52556936 91627573 403753980
501296387 1526746596 117461006
501296387 1526746596 207138856
501296387 1526746596 770634931
501296387 1526746596 168863846
501296387 1526746596 824212334
501296387 1526746596 240863601
501296387 1526746596 319832184
419234048 846233011 543088020
419234048 846233011 471573397
419234048 846233011 428298603
419234048 846233011 422877086
419234048 846233011 392699684
419234048 846233011 220799041
419234048 846233011 188417746
419234048 846233011 1132316395
419234048 846233011 1465574268
915477506 55735983 89012954
915477506 55735983 446357854
620263299 57106165 514854339
620263299 57106165 843795302
620263299 57106165 479122934
38597506 251763226 126382407
38597506 251763226 412460089
38597506 251763226 1556958012
954002179 805312279 840232524
954002179 805312279 791498318
954002179 805312279 271730916
954002179 805312279 392643473
88260578 25667663 100096315
88260578 25667663 564174541
88260578 25667663 327621331
88260578 25667663 1216362103
352418109 274286950 44225395
623233984 482471771 260150778
623233984 482471771 266951948
623233984 482471771 360228685
623233984 482471771 267583697
623233984 482471771 463142111
623233984 482471771 417443042
623233984 482471771 515861956
623233984 482471771 600383725
297691008 239179122 163533867
297691008 239179122 328226353
297691008 239179122 1078373144
297691008 239179122 400493924
297691008 239179122 439739750
559163168 357633218 920148506
559163168 357633218 595935810
559163168 357633218 1084919437
559163168 357633218 142780964
559163168 357633218 504805306
559163168 357633218 1265213924
233416226 328180868 410374666
233416226 328180868 930711578
233416226 328180868 35836111
549647392 351335193 421505369
85659268 91246694 37792807
85659268 91246694 91627573
85659268 91246694 2159633986
85659268 91246694 319832184
85659268 91246694 59019927
85659268 91246694 830127258
85659268 91246694 292719267
85659268 91246694 31609523
85659268 91246694 63370441
85659268 91246694 454536045
85659268 91246694 824212334
85659268 91246694 240863601
85659268 91246694 342424950
85659268 91246694 451153914
85659268 91246694 403753980
385716320 437097412 412372741
385716320 437097412 627512810
385716320 437097412 263405458
232744141 58715285 194560905
232744141 58715285 273159181
232744141 58715285 258893331
232744141 58715285 415646751
232744141 58715285 805735274
232744141 58715285 1113825758
232744141 58715285 355340601
232744141 58715285 509641276
232744141 58715285 514868779
232744141 58715285 1090586317
232744141 58715285 567627753
232744141 58715285 284366698
32575433 1154659621 783576895
1308825092 315257671 831841596
162933376 100313038 595047522
162933376 100313038 2324932196
259538129 16154380 431115158
259538129 16154380 1626732318
403079104 261320650 360239986
350551844 632249911 29619340
551824484 362231054 1671581809
130238097 56383923 1136300857
354423520 558308178 605878417
354423520 558308178 248365616
354423520 558308178 388291007
354423520 558308178 608510288
354423520 558308178 1311822930
354423520 558308178 318053091
354423520 558308178 316659316
1583753186 807990162 319435013
108739744 1201978314 204505963
108739744 1201978314 626701549
127644216 365108939 516042830
499459705 61568018 760609891
499459705 61568018 264537498
64856449 619785775 459719265
64856449 619785775 162574603
64856449 619785775 410429389
64856449 619785775 64217337
321151589 59230134 350398302
321151589 59230134 27729016
321151589 59230134 454356318
321151589 59230134 1866103183
321151589 59230134 2256224709
453338897 1917771030 198595856
453338897 1917771030 385471211
453338897 1917771030 448474351
434519809 269091869 414033393
462624153 352878217 391706132
462624153 352878217 187410785
462624153 352878217 403115343
462624153 352878217 488814710
755361157 440507343 829574778
419234048 468762687 475499921
419234048 468762687 471573397
419234048 468762687 422877086
419234048 468762687 425056713
419234048 468762687 188417746
419234048 468762687 428298603
264937048 20382716 349735925
248365616 479694751 316659316
248365616 479694751 501411013
248365616 479694751 499086313
75693808 580230881 840888300
1431530227 1290387427 81751793
307429824 627072818 109366815
307429824 627072818 515094611
307429824 627072818 1112568788
307429824 627072818 2216745450
41666795 499378966 564174541
41666795 499378966 552379861
323638818 708319700 238444563
323638818 708319700 1107012654
323638818 708319700 499010629
323638818 708319700 902826068
323638818 708319700 275069028
323638818 708319700 570533859
626086472 570436235 459501131
626086472 570436235 428481565
95460171 2334978148 2227888875
350993275 989718254 112539666
350993275 989718254 186281557
556408787 391104271 312253110
262497248 344172524 335345484
262497248 344172524 420063323
198595856 844701841 1917771030
587669249 297096773 454464866
587669249 297096773 517011491
1345014690 265004323 787745418
1345014690 265004323 436325033
1345014690 265004323 223927431
1345014690 265004323 823835401
1345014690 265004323 380662672
1345014690 265004323 386183139
29619340 18824805 350551844
118835721 133060802 121860227
118835721 133060802 72163208
118835721 133060802 526504588
118835721 133060802 248301208
118835721 133060802 62423990
118835721 133060802 159148612
118835721 133060802 116957648
118835721 133060802 118854763
118835721 133060802 307541879
42719794 436347682 270037993
457119397 244100485 411745829
52816161 369765794 45972356
2176670968 539761248 351853745
2176670968 539761248 64328374
2176670968 539761248 1249580881
2176670968 539761248 517843346
2176670968 539761248 1250427283
2176670968 539761248 97193367
2176670968 539761248 157757171
52865666 258893331 415235974
52865666 258893331 194560905
52865666 258893331 722829630
52865666 258893331 33405004
52865666 258893331 331869527
463196774 1892180527 1069548199
463196774 1892180527 428502935
463196774 1892180527 369806207
463196774 1892180527 944564204
463196774 1892180527 258957310
419234048 428298603 855708164
419234048 428298603 471573397
419234048 428298603 1155191648
419234048 428298603 426785564
419234048 428298603 846233011
419234048 428298603 468762687
419234048 428298603 425056713
419234048 428298603 188417746
419234048 428298603 813245912
419234048 428298603 837732282
419234048 428298603 1055790048
419234048 428298603 1311347707
311727464 2259897498 391121051
559163168 920148506 142780964
559163168 920148506 1084919437
559163168 920148506 357633218
559163168 920148506 746256787
559163168 920148506 504805306
559163168 920148506 1265213924
180158819 235328703 32684679
180158819 235328703 843994315
180158819 235328703 414431721
54808305 49479363 184904627
54808305 49479363 453670164
54808305 49479363 412372741
556349059 1009872876 251778716
556349059 1009872876 796384110
634613569 605628637 560451715
453573152 792301040 377579710
453573152 792301040 335710063
453573152 792301040 58320710
453573152 792301040 261361661
392643473 439438020 805312279
392643473 439438020 1368178975
392643473 439438020 408705968
392643473 439438020 313605446
392643473 439438020 271730916
263398468 108710943 79372503
437782437 948756846 517028301
437782437 948756846 399771215
437782437 948756846 459314283
246851168 503722356 232121748
400821744 322165359 555262119
400821744 322165359 145063883
400821744 322165359 394071275
400821744 322165359 876734071
750560408 256099196 84634838
115065835 118806166 1328446340
115065835 118806166 442939961
115065835 118806166 831841596
115065835 118806166 407201481
115065835 118806166 445589206
115065835 118806166 366470233
115065835 118806166 159010532
115065835 118806166 145063883
115065835 118806166 327093714
115065835 118806166 350981871
52816161 277694306 45972356
1525809313 308757634 371041200
1525809313 308757634 380466362
1525809313 308757634 425056713
230463716 1373322852 320589202
230463716 1373322852 480828212
230463716 1373322852 454356318
230463716 1373322852 321151589
2294523361 456270467 366693132
2294523361 456270467 274165784
2294523361 456270467 317570487
2294523361 456270467 61210309
2294523361 456270467 454422380
417443042 887899452 1871999708
417443042 887899452 70045040
417443042 887899452 1384745587
417443042 887899452 128216953
449319690 391499076 1549761577
449319690 391499076 521844410
449319690 391499076 1705068104
449319690 391499076 454417592
449319690 391499076 856303596
915477506 634828950 446357854
915477506 634828950 284760501
1653799820 181780390 54279220
1653799820 181780390 262957919
1653799820 181780390 1368666025
915477506 446357854 249016886
915477506 446357854 1482007212
915477506 446357854 634828950
915477506 446357854 463884327
915477506 446357854 55735983
915477506 446357854 346380094
915477506 446357854 973176920
381718864 320865755 514976651
219430753 1129144490 277694306
537722414 528141447 97193367
627171210 565050653 879119124
627171210 565050653 830127258
627171210 565050653 207138856
627171210 565050653 109366815
627171210 565050653 1269523002
627171210 565050653 824212334
627171210 565050653 319832184
382518900 207152517 240863601
495047368 988212583 363315412
307429824 469853573 515094611
307429824 469853573 824212334
307429824 469853573 1360353146
580230881 1013637804 1228410716
580230881 1013637804 856303596
580230881 1013637804 340422671
580230881 1013637804 1332821540
580230881 1013637804 1180282440
580230881 1013637804 454417592
523645483 424589675 351973263
747221826 287179701 326573194
747221826 287179701 446357854
747221826 287179701 1119877693
747221826 287179701 321528013
747221826 287179701 2168267641
713230808 452376580 511025426
713230808 452376580 799026776
360279713 1938775015 252850065
360279713 1938775015 314706154
1296553464 474608937 611246828
517011491 65667503 445831366
462624153 368977335 391706132
462624153 368977335 219066451
462624153 368977335 488814710
462624153 368977335 251763226
462624153 368977335 397376169
462624153 368977335 412460089
462624153 368977335 231682919
462624153 368977335 441899332
2407884667 412372741 498531108
2407884667 412372741 328389810
2407884667 412372741 423090357
2407884667 412372741 961717568
2407884667 412372741 959891665
2407884667 412372741 613497959
88260578 889402418 62819065
88260578 889402418 100096315
933418416 162933376 447648642
933418416 162933376 616520511
933418416 162933376 1027784652
933418416 162933376 2324932196
338676827 311271563 345167235
338676827 311271563 256349527
338676827 311271563 601477751
14248409 15407595 17022537
14248409 15407595 16366972
14248409 15407595 756083
1209838832 510295054 1136300857
454417592 502333369 1038733494
454417592 502333369 451792334
454417592 502333369 1332821540
32963201 56523657 377427738
32963201 56523657 94465437
32963201 56523657 233802296
32963201 56523657 101423802
32963201 56523657 96687299
32963201 56523657 25856346
32963201 56523657 102447325
32963201 56523657 1682009833
32963201 56523657 287876976
441994689 237933188 1232802822
441994689 237933188 429445747
295326304 537885071 444393731
295326304 537885071 245974566
295326304 537885071 142026743
295326304 537885071 329122371
295326304 537885071 322963021
295326304 537885071 47181427
295326304 537885071 66929342
295326304 537885071 53833505
295326304 537885071 166403903
295326304 537885071 464251735
295326304 537885071 1611670422
295326304 537885071 116525031
295326304 537885071 51944939
498478498 825200917 431976333
498478498 825200917 522719017
498478498 825200917 418209238
914919426 425487947 2324932196
116818753 16568241 26378422
445954401 54279220 326330246
445954401 54279220 1566722300
720637328 15941420 364310829
727594465 863140226 554378627
727594465 863140226 1191644245
81965252 165451166 191478460
33018561 420512172 1311347707
33018561 420512172 837732282
1335299138 449187035 420063323
270095840 85407685 412372741
270095840 85407685 60770700
270095840 85407685 335700572
915477506 48281126 89012954
915477506 48281126 461858413
915477506 48281126 933155455
66276001 426248953 312253110
32242057 574819746 338588174
85296016 943903286 1499514151
85296016 943903286 829872056
290068304 807978956 384902887
15602566 544059150 131292817
15602566 544059150 162126261
378274152 531791830 823835401
378274152 531791830 787745418
312248690 333682242 342534677
312248690 333682242 340405527
312248690 333682242 178109630
312248690 333682242 516889835
38597506 62423990 248365616
451662043 499242246 239179122
451662043 499242246 426940446
477043193 34755465 1005523795
821586848 557213111 731167855
384487504 1063964017 578521628
384487504 1063964017 258957310
354912746 18448279 20233071
598798936 633067217 1129631515
580230881 385701053 516670721
580230881 385701053 840888300
580230881 385701053 477830706
580230881 385701053 552770773
580230881 385701053 97193367
85296016 1499514151 943903286
85296016 1499514151 336375778
419234048 1311347707 1274194968
419234048 1311347707 1155191648
419234048 1311347707 593023079
419234048 1311347707 188417746
419234048 1311347707 392699684
419234048 1311347707 470450388
419234048 1311347707 428298603
419234048 1311347707 475499921
419234048 1311347707 543088020
419234048 1311347707 471573397
419234048 1311347707 425056713
419234048 1311347707 549615055
419234048 1311347707 813245912
213852168 131709086 97578353
424589675 276070804 503872457
424589675 276070804 274286950
1398634886 534653246 525876398
1398634886 534653246 270845259
1398634886 534653246 419753670
1398634886 534653246 963113228
1398634886 534653246 262283854
1398634886 534653246 710955612
1398634886 534653246 386781154
728560488 225628720 565665988
728560488 225628720 620489552
728560488 225628720 439359511
431161784 51459457 23650057
431161784 51459457 626701549
431161784 51459457 266765306
954002179 564174541 477326520
954002179 564174541 391499076
954002179 564174541 902826068
954002179 564174541 552379861
373429793 219066451 500284245
1583753186 1113825758 551532706
1583753186 1113825758 495197668
1583753186 1113825758 805735274
1583753186 1113825758 713230808
1583753186 1113825758 940209558
1583753186 1113825758 415107548
262497248 266541770 328349618
423811370 258571660 1357008080
355935368 93812926 426158957
62443864 93030385 193155102
251424856 1948000260 1149451872
626904496 539761248 124885765
626904496 539761248 942904758
626904496 539761248 542758675
626904496 539761248 268652997
626904496 539761248 170237970
626904496 539761248 311662376
626904496 539761248 420068214
626904496 539761248 781673407
626904496 539761248 1250427283
626904496 539761248 555232091
626904496 539761248 1325904354
626904496 539761248 575733861
626904496 539761248 319676606
626904496 539761248 521015935
17314683 354323495 26530765
14806209 26842169 130238097
14806209 26842169 26530765
14806209 26842169 17314683
14806209 26842169 20233071
925776259 1332821540 1038733494
925776259 1332821540 1084919437
925776259 1332821540 351842402
925776259 1332821540 1708611558
961717568 427128074 316659316
328226353 382986452 498132390
328226353 382986452 239179122
328226353 382986452 255784115
620263299 834139326 339636756
620263299 834139326 715412676
620263299 834139326 471547660
620263299 834139326 726244110
620263299 834139326 441899332
620263299 834139326 843795302
620263299 834139326 597727630
620263299 834139326 392643473
620263299 834139326 1442381796
620263299 834139326 479122934
65806513 874734018 739549254
65806513 874734018 33405004
65806513 874734018 273088151
985602242 543192956 921899035
1136300857 17014603 248735932
187410785 1135539750 1129631515
548902266 2180569571 339636756
548902266 2180569571 924536137
548902266 2180569571 623307218
548902266 2180569571 993145940
548902266 2180569571 451792334
548902266 2180569571 335441705
362301562 280761180 406663613
412326834 273159181 586893855
412326834 273159181 514868779
412326834 273159181 33405004
412326834 273159181 319875198
412326834 273159181 58715285
412326834 273159181 750560408
412326834 273159181 551532706
412326834 273159181 478062766
412326834 273159181 415646751
412326834 273159181 625169095
412326834 273159181 338869013
412326834 273159181 285177136
412326834 273159181 311057204
412326834 273159181 284366698
412326834 273159181 940209558
412326834 273159181 713230808
50476377 707959034 499440407
39908130 236624181 95126430
39908130 236624181 385250978
39908130 236624181 274622246
907211137 1519913785 177915341
907211137 1519913785 1343531118
434519809 270693042 414033393
434519809 270693042 274165784
293831713 231354049 295918979
293831713 231354049 415030595
293831713 231354049 532707812
293831713 231354049 250442735
423081090 323964819 466737617
423081090 323964819 347665020
367945273 415030595 327093714
367945273 415030595 635563761
367945273 415030595 1912503547
423081090 584330980 628870659
423081090 584330980 182995874
423081090 584330980 414006106
1495894891 1526746596 758889776
1495894891 1526746596 1018829778
1495894891 1526746596 168863846
1090393315 350635364 618397983
1090393315 350635364 335668469
1090393315 350635364 428451487
231354049 330615990 299143533
412372741 40240951 60770700
412372741 40240951 205021656
412372741 40240951 255813114
412372741 40240951 335700572
221844546 45745567 158558031
175201792 44463028 317225601
175201792 44463028 162126261
175201792 44463028 237990326
175201792 44463028 17022537
175201792 44463028 756083
1063425216 603402189 1671581809
1063425216 603402189 257689593
246516543 595919263 312253110
246516543 595919263 340758331
246516543 595919263 521015935
11007392 349735925 276322466
436168194 23491526 225090222
436168194 23491526 1136300857
548661593 1290387427 177638763
548661593 1290387427 551633967
548661593 1290387427 62423990
985153584 230297477 1318998230
409047188 1041423830 977058858
409047188 1041423830 364019786
409047188 1041423830 498531108
409047188 1041423830 531856229
409047188 1041423830 384537318
409047188 1041423830 79361262
409047188 1041423830 423868018
409047188 1041423830 636520061
552388580 59599454 445317020
415030595 2319414302 532707812
415030595 2319414302 549518842
415030595 2319414302 526987103
620263299 2260741926 528141447
620263299 2260741926 726244110
620263299 2260741926 339636756
620263299 2260741926 715412676
620263299 2260741926 479122934
620263299 2260741926 597727630
620263299 2260741926 1442381796
620263299 2260741926 843795302
620263299 2260741926 623307218
537857610 413474627 304693449
322919952 724836084 258165730
551532706 818599891 468062969
231904025 900925218 1232802822
633053300 911378420 570436235
270095840 448426605 318053091
270095840 448426605 49479363
539761248 1325904354 626904496
419234048 167179899 126150562
419234048 167179899 593023079
419234048 167179899 473047004
419234048 167179899 755789479
419234048 167179899 475499921
419234048 167179899 188417746
419234048 167179899 496588443
1136300857 74597527 26530765
126904024 539761248 1273152452
126904024 539761248 700077727
126904024 539761248 1249580881
126904024 539761248 1254510174
126904024 539761248 1068282613
620263299 471547660 64911278
620263299 471547660 834139326
620263299 471547660 843795302
620263299 471547660 479122934
261320650 367362150 360239986
596133024 295326304 53833505
596133024 295326304 166403903
596133024 295326304 51944939
79464194 117515639 34755465
79464194 117515639 238695226
323964819 328236316 1411750597
323964819 328236316 466737617
323964819 328236316 286714608
308757634 515717590 371041200
308757634 515717590 361044307
308757634 515717590 380466362
293831713 414436574 542952376
293831713 414436574 415030595
1705068104 724315254 1641445548
295326304 292233762 329122371
295326304 292233762 142026743
467752648 635758489 1337907127
467752648 635758489 384487504
467752648 635758489 164302546
162933376 2227071805 595047522
162933376 2227071805 2324932196
954002179 1368178975 256069170
954002179 1368178975 635758192
954002179 1368178975 271730916
954002179 1368178975 500086135
954002179 1368178975 392643473
372644744 75282696 113258212
251844193 15381827 756083
251844193 15381827 14248409
419234048 593023079 167179899
419234048 593023079 496588443
419234048 593023079 188417746
419234048 593023079 731888904
419234048 593023079 426785564
419234048 593023079 1155191648
419234048 593023079 1132316395
419234048 593023079 475499921
419234048 593023079 471573397
419234048 593023079 422877086
419234048 593023079 837732282
419234048 593023079 425056713
419234048 593023079 1311347707
104004409 276281922 309746544
820459184 713709284 1228542600
820459184 713709284 515717590
701321753 421444413 499465479
701321753 421444413 516042830
611908497 412791535 377579190
1055790048 1510827620 870323894
1055790048 1510827620 343886542
1055790048 1510827620 428298603
48765640 16463107 23359535
48765640 16463107 148374074
48765640 16463107 17022537
48765640 16463107 44185900
48765640 16463107 756083
534996146 1378427660 635169156
560765713 735775146 822050107
262488848 441899332 45672125
478207368 73230834 114896096
139695675 15684468 112190567
602153976 1401093841 100096315
537631235 328180868 26841261
537631235 328180868 439856487
339997443 512832525 844585861
339997443 512832525 1413212976
339997443 512832525 184904627
339997443 512832525 335700572
339997443 512832525 188417746
260952366 71909574 326330246
961717568 300558856 316659316
961717568 300558856 388291007
256723160 620584706 447298190
256723160 620584706 865362180
256723160 620584706 257531561
256723160 620584706 584859468
256723160 620584706 264956914
256723160 620584706 328056560
256723160 620584706 913282802
32575433 176350545 58261486
792301040 1321525598 70782665
792301040 1321525598 58320710
257368712 371064697 375363997
523539873 273159181 258893331
523539873 273159181 750560408
523539873 273159181 451937434
523539873 273159181 136143130
523539873 273159181 586893855
523539873 273159181 285177136
523539873 273159181 415646751
523539873 273159181 1274129598
523539873 273159181 33405004
523539873 273159181 805735274
626086472 1098864026 67600453
925776259 1038733494 1084919437
925776259 1038733494 1332821540
925776259 1038733494 351842402
925776259 1038733494 1708611558
23650057 713127326 818833482
454464866 397264702 504220475
454464866 397264702 36373371
463290024 636632876 407201481
463290024 636632876 902826068
433807489 344312187 403794939
588699536 1235682025 705130381
588699536 1235682025 453538026
378271585 71483924 221949960
378271585 71483924 596916861
572039474 439856487 537631235
475311248 391499076 362231054
475311248 391499076 594837932
475311248 391499076 546447023
475311248 391499076 489868526
475311248 391499076 356513775
475311248 391499076 1413721974
41474458 16463107 23359535
41474458 16463107 756083
41474458 16463107 16366972
41474458 16463107 237990326
631503667 266819171 292719267
631503667 266819171 1018829778
631503667 266819171 605964274
631503667 266819171 346237801
236967872 223927431 436325033
236967872 223927431 853562084
236967872 223927431 380662672
236967872 223927431 278492796
236967872 223927431 551873917
1136300857 63228772 26530765
199925161 146964967 55240621
53833505 70538418 234957455
53833505 70538418 166403903
53833505 70538418 200351318
53833505 70538418 47181427
53833505 70538418 347469796
162933376 595047522 587669249
162933376 595047522 2227071805
162933376 595047522 100313038
52816161 45972356 369765794
52816161 45972356 277694306
230667899 187740230 21533209
230667899 187740230 239244714
230667899 187740230 317842919
416776224 343613814 166381826
416776224 343613814 339997443
38597506 316659316 743869484
38597506 316659316 248365616
38597506 316659316 249433362
486369936 31013914 584277354
1638625032 926082548 594068274
1638625032 926082548 632249911
246851168 179149487 210593419
246851168 179149487 232121748
1074819648 552839947 501466384
1074819648 552839947 364019786
1074819648 552839947 531856229
1074819648 552839947 366705885
52865666 343793446 333138651
52865666 343793446 273088151
52865666 343793446 1468771231
52865666 343793446 461453859
52865666 343793446 722829630
52865666 343793446 33405004
52865666 343793446 602158963
246851168 996412334 232121748
236967872 1273146428 567387789
236967872 1273146428 1486243603
236967872 1273146428 551873917
236967872 1273146428 308142900
236967872 1273146428 1035211988
620584706 264956914 257531561
620584706 264956914 256723160
620584706 264956914 328056560
620584706 264956914 913282802
620584706 264956914 865362180
620584706 264956914 584859468
52865666 415235974 194560905
52865666 415235974 258893331
52865666 415235974 273088151
52865666 415235974 1274129598
52865666 415235974 33405004
52865666 415235974 602158963
2165651008 419753670 373730695
383855625 262283854 233802296
383855625 262283854 377709628
383855625 262283854 710955612
383855625 262283854 232706669
383855625 262283854 1004801738
383855625 262283854 433875238
383855625 262283854 534653246
383855625 262283854 270845259
383855625 262283854 53697871
383855625 262283854 373730695
383855625 262283854 1417717836
48157361 565994500 403009970
48157361 565994500 478336355
52865666 273088151 415235974
52865666 273088151 415646751
52865666 273088151 1468771231
52865666 273088151 1274129598
52865666 273088151 33405004
52865666 273088151 722829630
52865666 273088151 331869527
52865666 273088151 333138651
52865666 273088151 343793446
52865666 273088151 602158963
419234048 473047004 813245912
419234048 473047004 543088020
419234048 473047004 422877086
419234048 473047004 431120042
419234048 473047004 188417746
419234048 473047004 167179899
539761248 1254510174 126904024
539761248 1254510174 575733861
539761248 1254510174 157757171
131292817 114503297 17022537
131292817 114503297 112190567
276281922 307965155 292914013
276281922 307965155 53302470
424782688 466673585 455252315
292121632 274847843 175650904
292121632 274847843 108823920
32963201 1682009833 56523657
32963201 1682009833 284317967
32963201 1682009833 94465437
32963201 1682009833 101423802
32963201 1682009833 96687299
32963201 1682009833 25856346
32963201 1682009833 102447325
318053091 454773052 453670164
974847428 560439663 510999799
1249580881 319676606 337390596
1249580881 319676606 1852920882
1249580881 319676606 786382916
1249580881 319676606 539761248
1249580881 319676606 542758675
1249580881 319676606 572724368
1249580881 319676606 66518296
1249580881 319676606 436025577
1249580881 319676606 352736012
1249580881 319676606 2246040906
1249580881 319676606 487007565
1249580881 319676606 555232091
1249580881 319676606 500272570
1249580881 319676606 781673407
293831713 295918979 231354049
293831713 295918979 415030595
568694265 42546031 107333221
257368712 375363997 371064697
612237704 290242643 396092245
52865666 331869527 258893331
52865666 331869527 602158963
52865666 331869527 273088151
29189769 45972356 24415641
29189769 45972356 369586225
29189769 45972356 31236811
67181764 443173805 63370441
67181764 443173805 34147889
67181764 443173805 420546943
476059001 32206059 118806166
476059001 32206059 787353241
476059001 32206059 496614199
476059001 32206059 53302470
476059001 32206059 451102426
476059001 32206059 159010532
476059001 32206059 334845034
476059001 32206059 394071275
431161784 448327155 381686143
175201792 1897438494 237990326
175201792 1897438494 18198866
349281690 455001380 335484136
431153265 318053091 1311822930
431153265 318053091 335700572
431153265 318053091 620965481
431153265 318053091 256652665
478062766 415235974 258893331
478062766 415235974 739549254
478062766 415235974 33405004
478062766 415235974 571793141
478062766 415235974 631172873
478062766 415235974 494395788
478062766 415235974 1250427283
478062766 415235974 1623303145
478062766 415235974 840888300
433807489 414998035 403794939
433807489 414998035 344243144
433807489 414998035 339936116
739549254 415235974 33405004
739549254 415235974 513951842
739549254 415235974 750560408
739549254 415235974 478062766
739549254 415235974 1274129598
739549254 415235974 75693808
739549254 415235974 571793141
739549254 415235974 631172873
739549254 415235974 494395788
739549254 415235974 874734018
739549254 415235974 1623303145
739549254 415235974 840888300
731706432 755488927 1398634886
731706432 755488927 963113228
731706432 755488927 1697700528
731706432 755488927 419753670
231354049 743869484 295918979
239244714 84634838 576709098
239244714 84634838 509029230
11007392 28823577 16363540
11007392 28823577 296914044
283816640 38757585 249304485
283816640 38757585 284578814
265004323 554909646 67664143
265004323 554909646 380662672
265004323 554909646 436325033
265004323 554909646 223927431
265004323 554909646 531791830
175201792 756083 317225601
175201792 756083 420759047
175201792 756083 44463028
175201792 756083 237990326
175201792 756083 17022537
822124153 790458108 758222478
822124153 790458108 924259286
822124153 790458108 314311593
23391140 20190364 16366972
581273121 251389373 385663690
701321753 1877501406 499465479
701321753 1877501406 180158819
233802296 495209933 525876398
824184144 574755005 2188030210
824184144 574755005 855708164
824184144 574755005 837732282
824184144 574755005 755789479
824184144 574755005 1357008080
824184144 574755005 479155028
824184144 574755005 466081422
824184144 574755005 713709284
824184144 574755005 780339956
67955985 19001870 50320242
2188030210 780339956 837732282
2188030210 780339956 574755005
2188030210 780339956 824184144
2188030210 780339956 1510827620
2188030210 780339956 513936959
90271424 511025426 600223890
90271424 511025426 713230808
519716461 759532262 471547660
519716461 759532262 556325102
480846856 262335366 1146451651
480846856 262335366 1100034648
480846856 262335366 500039392
480846856 262335366 842265456
710700955 727333003 451792334
90264540 54296207 30144012
134921337 50513061 977058858
357776371 279814013 159010532
357776371 279814013 334845034
490450777 1308825092 283867529
490450777 1308825092 902826068
436168194 248735932 225090222
436168194 248735932 785202871
436168194 248735932 505010396
436168194 248735932 130238097
436168194 248735932 1136300857
436168194 248735932 18964304
436168194 248735932 19629444
436168194 248735932 455048133
436168194 248735932 15175113
259538129 1706991684 822547634
1029659809 110496811 939210470
1029659809 110496811 419753670
837732282 577638702 394792102
624290806 522485062 536641683
624290806 522485062 1295639797
417443042 540879451 70045040
417443042 540879451 1384745587
222242649 258611669 52156269
11007392 203068349 276322466
433807489 342447842 344243144
433807489 342447842 403794939
1055790048 1081344762 870323894
327093714 115065835 118806166
327093714 115065835 64911278
327093714 115065835 445589206
327093714 115065835 275069028
327093714 115065835 350981871
327093714 115065835 513505109
1300647072 1305799087 315257671
985153584 1949901931 537722414
985153584 1949901931 543702083
1300647072 1688119813 449284105
1300647072 1688119813 315257671
1300647072 1688119813 1064269512
1300647072 1688119813 1585633650
26908464 434838079 705018103
412746336 406579027 455001380
11007392 14342733 21668677
11007392 14342733 296914044
11007392 14342733 78667510
11007392 14342733 16363540
467925384 2213433875 364321254
467925384 2213433875 368619882
915477506 463884327 446357854
915477506 463884327 346380094
915477506 463884327 89012954
915477506 463884327 333242718
1149451872 850087850 543702083
1149451872 850087850 1318998230
1149451872 850087850 1154435958
1149451872 850087850 636520061
1240315986 206570244 1228410716
32963201 94465437 72163208
32963201 94465437 56523657
32963201 94465437 284317967
32963201 94465437 354549685
32963201 94465437 101423802
32963201 94465437 1318632763
32963201 94465437 96687299
32963201 94465437 102447325
32963201 94465437 1682009833
32963201 94465437 65289597
32963201 94465437 376439541
188561770 542949285 922126837
886592005 585709639 924174901
886592005 585709639 1564576076
997631328 439717446 2250972716
997631328 439717446 21776992
221844546 39415403 40114214
221844546 39415403 158558031
1063425216 595966737 503898126
1063425216 595966737 551824484
1063425216 595966737 1671581809
1063425216 595966737 257689593
59572545 259295285 34147889
386063602 217212926 421596539
220208610 552770773 516670721
220208610 552770773 323638818
220208610 552770773 1228410716
220208610 552770773 715412676
220208610 552770773 558206052
220208610 552770773 575733861
220208610 552770773 840888300
220208610 552770773 521015935
415908401 1053341874 379104117
32963201 377427738 56523657
32963201 377427738 102447325
260912906 110520078 384537318
716525923 280834267 66068118
175201792 263886213 17022537
175201792 263886213 18198866
295326304 322963021 245974566
295326304 322963021 47181427
295326304 322963021 166403903
295326304 322963021 537885071
295326304 322963021 116525031
295326304 322963021 51944939
480846856 950319913 26992668
480846856 950319913 1112534874
480846856 950319913 625611692
480846856 950319913 2276684340
480846856 950319913 469499834
480846856 950319913 959891665
480846856 950319913 1100034648
480846856 950319913 498531108
480846856 950319913 842265456
480846856 950319913 812250067
480846856 950319913 371303337
1018829778 538591915 37792807
1018829778 538591915 630796976
1018829778 538591915 770634931
1018829778 538591915 509409102
1018829778 538591915 266819171
1018829778 538591915 168863846
1018829778 538591915 346237801
1018829778 538591915 824212334
1018829778 538591915 319832184
108212009 364681853 317370834
1112405984 278065375 844786146
32765843 373058646 426819771
842265456 930617017 1146451651
57698998 18962278 58261486
430886549 66068118 1258283976
855708164 484536990 92472248
855708164 484536990 425056713
855708164 484536990 847520971
855708164 484536990 813245912
855708164 484536990 428298603
623233984 463142111 36223753
623233984 463142111 482471771
623233984 463142111 417443042
623233984 463142111 600383725
375433504 1285099722 53302470
375433504 1285099722 263728592
116818753 26378422 16568241
451946644 426111749 406554871
451946644 426111749 989718254
236967872 308142900 1486243603
236967872 308142900 551873917
236967872 308142900 1273146428
423415106 472417391 191218768
292076528 323585283 349735925
292076528 323585283 280840876
292076528 323585283 304693449
292076528 323585283 450033516
292076528 323585283 456070770
292076528 323585283 1270330746
32963201 102447325 72163208
32963201 102447325 56523657
32963201 102447325 284317967
32963201 102447325 99054613
32963201 102447325 740003864
32963201 102447325 377427738
32963201 102447325 94465437
32963201 102447325 109726341
32963201 102447325 57791944
32963201 102447325 25856346
32963201 102447325 1682009833
32963201 102447325 287876976
1149451872 966976658 1948000260
1149451872 966976658 425529951
335441705 620263299 339636756
335441705 620263299 528141447
335441705 620263299 715412676
335441705 620263299 58974008
335441705 620263299 843795302
335441705 620263299 392643473
335441705 620263299 514854339
335441705 620263299 451792334
335441705 620263299 623307218
94465437 349366550 376439541
283867529 513505109 327093714
283867529 513505109 430886549
283867529 513505109 902826068
283867529 513505109 451102426
283867529 513505109 394071275
283867529 513505109 721009902
283867529 513505109 635563761
56523657 38456955 101423802
284366698 355064486 415107548
284366698 355064486 58715285
64514146 396720767 295188871
64514146 396720767 67664143
64514146 396720767 380662672
64514146 396720767 363049765
64514146 396720767 436325033
64514146 396720767 407229938
64514146 396720767 369806207
523539873 586893855 273159181
523539873 586893855 750560408
523539873 586893855 415646751
523539873 586893855 311662376
523539873 586893855 285177136
523539873 586893855 33405004
523539873 586893855 805735274
19009802 16268054 47446723
293831713 250442735 518147468
293831713 250442735 499034281
293831713 250442735 231354049
293831713 250442735 415030595
274272233 134939857 335342893
108739744 745746216 204505963
108739744 745746216 1332619734
108739744 745746216 626701549
283867529 861908450 442939961
283867529 861908450 567419455
283867529 861908450 407201481
283867529 861908450 902826068
283867529 861908450 490450777
283867529 861908450 2465306844
283867529 861908450 721009902
283867529 861908450 463290024
1936176200 829846897 717006397
302163872 863968422 215517465
302163872 863968422 895570286
2159004673 1026852025 764234508
1892229728 373496439 1604002945
125228166 227071663 47181427
136124889 423081090 516889835
136124889 423081090 466737617
136124889 423081090 322881012
129940964 275069028 2227635734
129940964 275069028 383857997
569521721 289555403 60298886
569521721 289555403 340610197
569521721 289555403 1014014156
217865306 755361157 829574778
251844193 16321818 16463107
251844193 16321818 29619340
251844193 16321818 16321821
251844193 16321818 23391140
251844193 16321818 160952169
251844193 16321818 17701258
467925384 368619882 2213433875
372938368 176204947 58796904
270095840 540452003 412372741
270095840 540452003 205021656
270095840 540452003 335700572
389222000 180158819 32684679
389222000 180158819 212071182
389222000 180158819 701321753
389222000 180158819 415599781
389222000 180158819 414431721
330649584 572859323 213117283
330649584 572859323 178109630
75282696 751800756 716868412
75282696 751800756 113258212
631172873 415107548 494395788
631172873 415107548 273159181
631172873 415107548 338869013
631172873 415107548 273088151
631172873 415107548 478062766
631172873 415107548 739549254
631172873 415107548 33405004
631172873 415107548 284366698
631172873 415107548 840888300
631172873 415107548 722829630
341807457 1717907863 386781154
341807457 1717907863 419753670
341807457 1717907863 40219913
341807457 1717907863 525876398
341807457 1717907863 896461214
19675872 41829451 62478803
1638625032 594068274 632249911
1638625032 594068274 2382646640
1638625032 594068274 926082548
29189769 2327801516 369586225
29189769 2327801516 1527274482
166381826 317570487 68887842
792301040 70782665 1321525598
620584706 1032041587 447298190
236967872 1486243603 308142900
236967872 1486243603 1273146428
236967872 1486243603 1035211988
236967872 1486243603 551873917
400821744 727593690 64911278
400821744 727593690 334845034
297691008 163533867 328226353
297691008 163533867 245469728
297691008 163533867 1078373144
297691008 163533867 400493924
297691008 163533867 439739750
297691008 163533867 239179122
297691008 163533867 177078187
16463107 23359535 41474458
16463107 23359535 48765640
587669249 268844150 454464866
587669249 268844150 517011491
739435914 374645059 492511146
556577258 345167235 351973263
556577258 345167235 19727773
556577258 345167235 611423160
556577258 345167235 67600453
556577258 345167235 63370441
556577258 345167235 168388322
556577258 345167235 270037993
556577258 345167235 397662829
556577258 345167235 381686143
408570162 369765794 615255983
36170106 66936503 30080450
72163208 395038097 410118056
501411013 478788454 248365616
501411013 478788454 443076922
501411013 478788454 547785685
559163168 746256787 920148506
559163168 746256787 142780964
559163168 746256787 1084919437
559163168 746256787 391499076
559163168 746256787 504805306
1255138614 377602511 1487566723
1255138614 377602511 1244707862
525926754 611246828 805008841
525926754 611246828 333242718
620263299 597727630 528141447
620263299 597727630 834139326
620263299 597727630 715412676
620263299 597727630 726244110
620263299 597727630 2260741926
620263299 597727630 514854339
620263299 597727630 451792334
620263299 597727630 623307218
620263299 597727630 479122934
251844193 64248502 114503297
251844193 64248502 2329269266
251844193 64248502 112190567
47808840 359765834 558206052
47808840 359765834 316842760
47808840 359765834 264541193
985602242 391808916 921899035
634191272 318086551 963113228
634191272 318086551 755488927
385716320 263405458 437097412
385716320 263405458 412372741
407376432 387197604 441994689
407376432 387197604 992070768
32963201 1318632763 99054613
32963201 1318632763 94465437
32963201 1318632763 433875238
32963201 1318632763 233802296
32963201 1318632763 377709628
32963201 1318632763 386781154
32963201 1318632763 399745403
32963201 1318632763 65289597
366683616 85124684 230971069
366683616 85124684 339980656
410374666 35836111 233416226
410374666 35836111 328180868
410374666 35836111 813503162
142135768 175530226 105229582
342392954 49479363 498531108
342392954 49479363 388291007
342392954 49479363 79361262
326528031 731167855 207527341
326528031 731167855 557213111
108739744 626701549 745746216
108739744 626701549 1201978314
283260016 375697167 152038926
283260016 375697167 1301923104
283260016 375697167 44199763
325838892 185091406 70533195
325838892 185091406 49977558
325838892 185091406 58611305
325838892 185091406 339221231
33405004 426167317 258893331
33405004 426167317 338869013
33405004 426167317 750560408
33405004 426167317 285177136
33405004 426167317 625169095
33405004 426167317 282587641
33405004 426167317 713230808
335484136 412746336 455001380
471547660 298164703 755907342
471547660 298164703 366959229
1322949481 100047235 616725811
16463107 83855571 8768722
16463107 83855571 103625044
302163872 471214123 895570286
302163872 471214123 215517465
805717867 2465306844 467925384
805717867 2465306844 283867529
805717867 2465306844 595944664
805717867 2465306844 477326520
805717867 2465306844 346928714
805717867 2465306844 787874498
805717867 2465306844 407201481
805717867 2465306844 902826068
1112405984 412779415 426158957
339997443 379887820 844585861
339997443 379887820 184904627
270095840 267049429 318053091
270095840 267049429 580309240
22784929 48763478 962783418
32963201 1220338074 232706669
32963201 1220338074 433875238
32963201 1220338074 386781154
32963201 1220338074 497485281
32963201 1220338074 65289597
1434144188 295188871 276070804
1434144188 295188871 485312374
296010186 531856229 162947860
296010186 531856229 959891665
296010186 531856229 613497959
300968848 309240233 478271342
453573152 260552298 30088457
453573152 260552298 58320710
453573152 260552298 702115194
453573152 260552298 349766653
70045040 417443042 540879451
70045040 417443042 887899452
70045040 417443042 1871999708
70045040 417443042 1384745587
70045040 417443042 128216953
520676128 552226671 501296387
520676128 552226671 172123903
520676128 552226671 529762749
424782688 2386023326 433875238
424782688 2386023326 232706669
477043193 65089492 45672125
342916232 72084105 278492796
342916232 72084105 1977265783
239666946 191337163 148374074
239666946 191337163 33265725
239666946 191337163 160952169
32684679 1552293775 499465479
634613569 911503812 586203267
348099009 381064742 240863601
348099009 381064742 123438911
348099009 381064742 403753980
356726929 150265786 576680996
52865666 300114067 328092681
52865666 300114067 1107012654
52865666 300114067 902965680
52865666 300114067 211755069
52865666 300114067 902826068
52865666 300114067 1616227957
270095840 199507614 412372741
270095840 199507614 60770700
270095840 199507614 205021656
270095840 199507614 335700572
344243144 433807489 414998035
344243144 433807489 26992668
344243144 433807489 342447842
344243144 433807489 339936116
14806209 20233071 130238097
14806209 20233071 26842169
14806209 20233071 26530765
14806209 20233071 17314683
31420832 350362011 112563685
339997443 363049765 60770700
403079104 322317513 750560408
403079104 322317513 341668500
633452272 172786330 410401019
479828589 126962094 161596494
51459457 266765306 23650057
51459457 266765306 431161784
51459457 266765306 455366635
580309240 1836829722 501236334
332024212 327231310 202892735
332024212 327231310 448519164
332024212 327231310 364701233
207138856 501296387 186134059
207138856 501296387 770634931
207138856 501296387 385519195
207138856 501296387 1526746596
207138856 501296387 168863846
207138856 501296387 346237801
207138856 501296387 824212334
207138856 501296387 605964274
595047522 67764006 339434234
595047522 67764006 2227071805
595047522 67764006 100313038
118299392 720568002 971404784
118299392 720568002 397944202
633103043 858663446 2148995085
633103043 858663446 615787975
633103043 858663446 617885565
501296387 824212334 117461006
501296387 824212334 207138856
501296387 824212334 500406316
501296387 824212334 770634931
501296387 824212334 385519195
501296387 824212334 415194314
501296387 824212334 1378672842
501296387 824212334 346237801
501296387 824212334 1681828820
501296387 824212334 1526746596
501296387 824212334 605964274
419234048 422877086 855708164
419234048 422877086 496588443
419234048 422877086 426785564
419234048 422877086 846233011
419234048 422877086 468762687
419234048 422877086 220799041
419234048 422877086 425056713
419234048 422877086 188417746
419234048 422877086 813245912
419234048 422877086 473047004
419234048 422877086 1155191648
419234048 422877086 593023079
419234048 422877086 471573397
351842402 925776259 1332821540
351842402 925776259 1038733494
351842402 925776259 1084919437
351842402 925776259 1708611558
517843346 1722389515 386880918
517843346 1722389515 715519858
517843346 1722389515 548826537
517843346 1722389515 247035822
517843346 1722389515 500272570
517843346 1722389515 1273152452
517843346 1722389515 2176670968
11007392 296914044 28823577
11007392 296914044 276322466
11007392 296914044 21668677
11007392 296914044 14342733
596133024 200351318 53833505
596133024 200351318 166403903
50129832 630796976 182995874
50129832 630796976 240863601
50129832 630796976 32115697
50129832 630796976 91627573
50129832 630796976 231215308
50129832 630796976 292719267
50129832 630796976 403753980
50129832 630796976 370460383
50129832 630796976 397456873
50129832 630796976 401057274
419234048 425056713 855708164
419234048 425056713 468762687
419234048 425056713 220799041
419234048 425056713 593023079
419234048 425056713 496588443
419234048 425056713 755789479
419234048 425056713 847520971
419234048 425056713 188417746
419234048 425056713 392699684
419234048 425056713 731888904
419234048 425056713 426785564
419234048 425056713 555066692
419234048 425056713 428298603
419234048 425056713 1465574268
419234048 425056713 475499921
419234048 425056713 543088020
419234048 425056713 471573397
419234048 425056713 837732282
419234048 425056713 1132316395
419234048 425056713 549615055
419234048 425056713 813245912
419234048 425056713 1055790048
419234048 425056713 1155191648
419234048 425056713 1311347707
419234048 425056713 422877086
915477506 346380094 463884327
915477506 346380094 333242718
915477506 346380094 249016886
915477506 346380094 446357854
424782688 617885565 2381223194
424782688 617885565 572358450
424782688 617885565 455252315
424782688 617885565 534653246
2481544264 1306313796 578521628
439438020 66594134 313605446
446740993 29548883 1034703540
446740993 29548883 364606289
339342547 202469836 477813268
414481496 34267331 1532415536
414481496 34267331 64248502
414481496 34267331 148374074
1287235652 350551844 29619340
52865666 2361611087 902826068
554702379 558206052 1332821540
554702379 558206052 475499921
554702379 558206052 206570244
523539873 376361457 355900787
367343945 452553250 483260988
379371616 1115189388 584330980
379371616 1115189388 315464281
612237704 396092245 290242643
9154112 651963 717973
9154112 651963 96399442
30369059 412718556 397554649
404475402 1456575332 308757634
517011491 377440982 350936605
517011491 377440982 445831366
517011491 377440982 335345484
419234048 470450388 1311347707
419234048 470450388 543088020
567627753 353785926 33405004
567627753 353785926 805735274
501296387 532671998 770634931
501296387 532671998 1681828820
501296387 532671998 251236197
501296387 532671998 346237801
501296387 532671998 319832184
559163168 1318725494 142780964
559163168 1318725494 595935810
542952376 293831713 414436574
542952376 293831713 635563761
542952376 293831713 1912503547
542952376 293831713 415030595
542952376 293831713 518147468
542952376 293831713 532707812
542952376 293831713 549518842
16535264 188417746 126150562
16535264 188417746 515717590
16535264 188417746 713709284
8768722 16463107 83855571
8768722 16463107 103625044
506226984 341216126 464205164
506226984 341216126 448400414
417443042 1871999708 70045040
417443042 1871999708 887899452
417443042 1871999708 128216953
580230881 230323409 1240315986
580230881 230323409 1228410716
580230881 230323409 856303596
33628896 339256439 117526827
33628896 339256439 509029230
33628896 339256439 793016305
33628896 339256439 363976118
33628896 339256439 363958268
227443897 566747934 40114214
259538129 272203854 822547634
262360972 349877661 445961104
262360972 349877661 292914013
262360972 349877661 334845034
1578275360 2278141557 1112405984
1578275360 2278141557 479122934
86156881 16463107 103625044
861511147 347948246 366863142
33628896 341668500 793016305
33628896 341668500 627280157
242403738 930711578 233416226
465022801 621198619 563714886
465022801 621198619 519019068
465022801 621198619 50865626
465022801 621198619 506542299
465022801 621198619 255050149
465022801 621198619 714354984
465022801 621198619 470482680
206353121 37279868 255417076
206353121 37279868 136919315
168388322 345167235 52880020
168388322 345167235 328236316
168388322 345167235 222242649
168388322 345167235 556577258
168388322 345167235 360239986
414481496 104249454 148374074
354423520 825289016 327992205
295326304 166403903 322963021
295326304 166403903 47181427
295326304 166403903 596133024
295326304 166403903 53833505
295326304 166403903 444393731
295326304 166403903 537885071
295326304 166403903 116525031
295326304 166403903 51944939
31203152 52143009 350981871
915477506 333242718 463884327
915477506 333242718 89012954
915477506 333242718 346380094
915477506 333242718 433843626
915477506 333242718 284760501
64514146 944564204 1069548199
64514146 944564204 369806207
357633218 516510493 338335970
251844193 1169950790 112190567
251844193 1169950790 114503297
251844193 1169950790 29619340
251844193 1169950790 69095257
251844193 1169950790 16321821
251844193 1169950790 16366972
251844193 1169950790 23391140
747221826 1119877693 326573194
747221826 1119877693 287179701
747221826 1119877693 613014859
952293600 450989804 1136300857
419234048 731888904 1274194968
419234048 731888904 496588443
419234048 731888904 426785564
419234048 731888904 425056713
419234048 731888904 188417746
419234048 731888904 1155191648
419234048 731888904 593023079
90271424 1433486419 195910316
90271424 1433486419 54720670
90271424 1433486419 2158721829
90271424 1433486419 287945491
926337362 351842402 933418416
926337362 351842402 1038733494
926337362 351842402 454417592
926337362 351842402 1084919437
926337362 351842402 598798936
926337362 351842402 1708611558
926337362 351842402 2157380072
926337362 351842402 489868526
275265731 843641516 628188714
275265731 843641516 379809139
275265731 843641516 286027095
419234048 543088020 846233011
419234048 543088020 431120042
419234048 543088020 425056713
419234048 543088020 188417746
419234048 543088020 470450388
419234048 543088020 473047004
419234048 543088020 1155191648
419234048 543088020 1311347707
470450638 402296999 333242718
1085130504 628796115 522485062
1085130504 628796115 129940964
1085130504 628796115 536641683
178747189 870323894 926445709
178747189 870323894 993794454
178747189 870323894 470450388
252161617 378911470 36887253
252161617 378911470 379776359
26924916 1022853510 1522634250
26924916 1022853510 91627573
26924916 1022853510 266819171
26924916 1022853510 59019927
26924916 1022853510 628479203
26924916 1022853510 465599718
26924916 1022853510 532671998
346237801 2369880382 509409102
1613533657 445954401 326330246
1613533657 445954401 1661438430
1613533657 445954401 279625832
1613533657 445954401 433063033
1613533657 445954401 1566722300
619537853 295188871 585218904
619537853 295188871 396720767
422707360 536641683 298602162
270095840 60770700 412372741
270095840 60770700 75631257
270095840 60770700 199507614
270095840 60770700 461453859
270095840 60770700 85407685
270095840 60770700 805467463
270095840 60770700 205021656
270095840 60770700 335700572
442105844 85659268 385581094
442105844 85659268 337240457
442105844 85659268 31609523
442105844 85659268 63370441
408570162 299437715 615255983
262497248 421542414 328349618
262497248 421542414 389498107
262497248 421542414 112563685
451102426 32206059 118806166
451102426 32206059 476059001
1031650466 364671446 66518296
1031650466 364671446 926300072
1031650466 364671446 273693374
1031650466 364671446 453558747
1031650466 364671446 840888300
1031650466 364671446 157757171
565626767 295188871 702115194
440500512 431976333 416644931
39908130 95126430 385250978
39908130 95126430 236624181
39908130 95126430 411757515
598060272 26841261 96687299
52865666 211755069 300114067
52865666 211755069 902965680
85296016 65813747 336375778
85296016 65813747 66532187
85296016 65813747 213117283
278320408 1145880073 145779412
278320408 1145880073 458067706
85296016 291917416 66532187
403009970 47691530 404399789
403009970 47691530 34337589
403009970 47691530 466737617
403009970 47691530 505141471
403009970 47691530 37037157
403009970 47691530 36170106
16366972 421453413 112190567
805008841 525926754 611246828
330647219 462979589 38757585
330647219 462979589 385174484
330647219 462979589 284578814
330647219 462979589 344397931
330647219 462979589 45939311
11007392 16363540 28823577
11007392 16363540 21668677
11007392 16363540 14342733
11007392 16363540 78667510
293831713 1912503547 635563761
293831713 1912503547 542952376
293831713 1912503547 415030595
345167235 52880020 270040301
345167235 52880020 328254098
345167235 52880020 19727773
345167235 52880020 1411750597
345167235 52880020 328236316
345167235 52880020 377579710
345167235 52880020 67600453
345167235 52880020 104260809
345167235 52880020 459501131
345167235 52880020 611423160
345167235 52880020 338676827
345167235 52880020 168388322
345167235 52880020 397662829
345167235 52880020 360239986
345167235 52880020 934620691
345167235 52880020 381686143
1078373144 231914688 163533867
1078373144 231914688 499251151
