794395
9839652
11554482
13363422
15381827
16078257
16535264
16568241
19178811
19881311
19978690
22106685
22429220
24013474
25208549
25325123
25499921
26451519
27347296
27970716
28005502
28631637
28743826
29504347
30144012
30329125
30424986
32277910
32745576
32930588
33663917
34827278
35834072
37262609
38454964
38467384
39165493
40378935
40398774
40918920
41829451
41917912
42421524
42492854
42694906
44547986
45698701
47574752
50390833
51543590
52594985
54590766
54755688
57707109
58261486
60212934
60726440
61045251
61568018
61859956
63780158
64544190
66781095
69073285
69178632
69727029
70533195
71675638
74417000
75356276
79811548
84731418
85942428
90479668
98968229
100416225
109062362
110920497
119898851
120327894
123379162
129085068
131709086
132405646
137131427
142004768
143697889
149730039
151664782
156594920
161044902
162459122
164051162
168532085
169786033
176204947
179711840
180426501
185091406
187953380
188442750
191567917
193155102
200774941
204505963
206832380
207296404
216915562
218957195
221880913
224202083
224375425
226668570
229156063
231078273
232742329
236259337
237503076
239892847
242046527
242554169
242798844
244741908
245469728
250092901
253382915
254552973
256349527
256519571
256649319
257816944
258957310
259087800
259501194
262360972
262987311
263728592
265739026
266752871
268345413
275225477
281229966
286223068
286503685
286714608
287730314
293673128
296592861
302930840
304065364
306962931
307610431
310513836
314244086
318159249
321937906
323571980
325932617
328058897
331998993
332010249
333157353
334352829
334514407
334869337
334993383
335522129
335526284
337885206
338247838
338527848
339950954
343727082
346380094
346964353
348044167
350489388
350602248
355067444
356549145
356625372
359520878
360126300
361587870
362908024
365222179
366698483
366959229
368724098
370174584
370375281
371957360
373155877
373674498
377396013
378867889
380683871
380934353
381532375
382184863
382405956
383172493
383278862
384052060
387407002
387949689
388613968
391784263
392948290
392959733
393023176
394210673
397386925
398591208
399458716
399665467
399820878
403689812
407169106
408741010
411791097
415030595
416779046
418322816
418803338
425475012
427041696
428298603
428634085
430165833
431194878
433807489
435036044
439733369
441347356
446691061
446703936
447547463
447647377
449959049
453698155
460536163
463072866
464316103
464362312
467006212
467011312
469912282
470450388
470649270
470974208
472975354
474531168
479828589
480828212
487077964
487843108
488032805
492388370
492511146
496277085
499086313
499101269
501466384
503830275
504220475
506505588
509623710
509629161
511289612
511394431
513571171
514561022
520822010
520930558
521901052
523539873
541178538
541379799
543383447
546372107
548834014
549719051
551105725
555465628
558308178
563375255
565885762
565944843
569142880
573107341
577170289
579394937
581706770
587669249
593259038
597851555
597879076
605525306
612200628
613572746
615547726
615751167
620263299
620965481
625157960
626108026
631407954
702174332
702278061
708319700
708776905
713852245
746114262
757756142
762522697
768240223
768380431
770409960
770639552
774926011
776977777
790627525
798788186
801470581
815891917
816420409
821982482
836522834
838546968
840649788
842265456
842403408
843994315
847572793
869523318
870323894
910185504
923909936
939342902
942125282
944777766
946653426
948194107
960636158
973300123
979452078
989718254
998447660
1003163844
1007393280
1007644088
1018829778
1019120136
1020970950
1026852025
1030979053
1032091164
1038388940
1038564589
1045758854
1058761578
1061761946
1063964017
1064477576
1090393315
1110554497
1134852266
1151760060
1168981573
1258283976
1306172023
1328228852
1334384900
1370456839
1387582820
1449278797
1457398633
1490689986
1491162385
1491230239
1523191286
1529091427
1534454587
1541521722
1552293775
1578013807
1583831923
1584875376
1592165305
1612581812
1630906536
1635964549
1658660360
1659074958
1665073279
1709108616
1849880264
1853090214
1857821527
1866103183
1891580779
1900090340
1912146536
1965482005
1975716493
2155451028
2209726019
2218676289
2232387650
2232494998
2235891526
2256242679
2259257397
2271983467
2283907521
2289068064
2291943505
2295892588
2298467139
2302581225
2309462765
2320951732
2326352570
2332413998
2364908604
2409921199
2452389961
2456649316
2459284111
2483778283
2490949457
2492583220
2508517831
2653409590
2683587726
2684053606
2762084271
2766044225
2766409347
2774097167
2775734365
2786741778
2825124789
2871658248
2898813464
2902114331
2955523282
2957070616
3041824644
3075535043
3093499642
3100176147
3105562177
