597069808576794625
597569409033592832
597945034802073600
599704709247737856
487931987865657344
518929582683344897
554859127470821376
496398042577502209
557412940190851072
468433491534024704
471149848100892672
471150682691887105
439932019121086464
531065726061514752
598913355227758592
388802191160397824
539767137070374912
585163260023988224
616047571677655040
535395695587762176
573474860783005696
493451273568788480
610435906076590080
556120958122344450
361664744177942531
538887578230198273
538939562807283712
372865654069932033
613027914892886017
498277165893697536
586831938058641408
500075736972029952
428686974409383936
517402732240850944
489984853170196480
616339682830516225
600084909680627712
486887376103698433
497405275775983616
390468394236911616
384835002674208768
500049470760185858
451865881669554176
595697886215680001
492684169710141440
553832378947608576
362646935070453760
437459728382177281
601921065590329345
526513197885714432
575684009197350912
575813514641571841
500390512290197504
500637172819841026
516349426940792832
556293276098379776
481095943140696064
490695090357428224
376207322777137152
424716695119626240
474095300177846272
491394801791959040
512423701028306944
506894440657866752
375255919413567489
408432181741387777
521879724998811648
379380395692662784
497893003214983168
368195219499388928
490938438074376192
490037934683598850
581653570665246720
491760667117240320
505799565677973505
466682320335167488
507683813150175232
561213055246536705
412700308956250112
404309972982693888
415652078284197888
415652234824024064
390162487297208321
489641904062341122
540082414387994624
546036308066709504
494456039236857857
497781592358916096
498226247026352128
492513257601511424
506941930782334976
506942404130521088
511385933539999744
426495488129388544
444463880635686912
455458691832369152
569670933792874496
408107196585869312
408466941079453696
426465487870902272
427393125485924352
427607790715023361
427631641553420289
429947945551527936
429986809536598016
430956483904151552
431132463860314113
431627888777912320
431647091270483968
433720108234833920
434891906720350209
434908740283031552
435025432782442496
437587529311993856
438118782947430400
439577183774720001
440194965654622208
440983069525159936
442097339394555904
451878262042796032
452463899413991424
452787857812242432
452880425757589504
464374522767237120
464943319857242112
466372429510881281
528595610493284352
528714312635150336
563683135372939265
566936916114026498
570380788249841665
570418432379887616
571158545007321088
571583817443643392
583953383536644097
589751760027287552
597964191388020736
602051202478649345
370954490817421312
521093888803876864
443778896996347904
532666982542639105
532775598675206145
552647300104065024
585504818208313345
493977438859563008
499553305442676736
497443729943580672
416608507635318784
532716074509537280
465324696276598784
491797965321687042
498276906744430593
484960979243917312
580406883778990081
601729712348635136
445229077767913472
385538909754494976
403131293300318209
431225831004704768
430289968330588160
352447030808952832
504088641866842112
504997096840515584
397002820441759744
491969651388076032
478012594729791489
441280780267184128
458258867739451392
557905610730385408
593952250055237632
359156124546629632
534526659958145024
502346364677021696
521783812909309953
551924115414999040
514184143052484608
502123817960210432
588183797906198531
588511839757139968
460926252707483648
415370597263089664
495310274795409408
604316910545690624
531180260801642497
356761909153902592
562900210872233984
615709024538001408
359508012626489345
399761962508500992
571788569100075011
562658386714828800
532467493731041280
363366780992892928
504504438066008064
504840182492041217
505183304187129856
574445049750159360
408125728715468800
439579914355081216
355348557781405697
503010447130652672
550912212978905088
503936868665540608
581144117624848384
557630734224326656
496120738932604928
445958809731989504
378314762586959872
572629403726958592
586549232783515648
441970665940606976
502165041932931072
554113964448432128
508791037331263489
586513716797124608
489841142717239296
563536484989665280
568138881096290305
499711395660062720
532299696287789057
586544236595699713
586602229274116096
489981969535881216
455044983763267585
491105402508283904
558463179215622144
569362889431244801
569364314987106305
521428667051036672
497191675283132416
500793399524749312
572399390943543296
500702005820932096
556571575802421248
532707426941009920
413465211245703168
593827475051945984
593834774634078208
505229894243336193
505950117661519873
509749817174941696
558100872966995970
558133773565693952
560265486949416960
487277866158424065
487980784150929408
500135292041703424
596873575988121600
497851206774300673
558513989186244609
537350790982422528
546038333517074432
427508526853128192
549727130041733121
535845669077270528
492444864181993473
396006530727673856
495711621508247552
498314496386293760
503707149181399041
493254750369243136
578910855271608320
578966245761941504
578969901970251777
488192203861147649
428692371661135872
442501707667234817
531246830315905025
486123079979249664
509711792546013185
512246770731323393
516955046047924224
522030476501200898
570748870952665088
563051014988005376
445035513201053696
563160625623203840
352420483968417792
526149800740519936
503413876739031040
491801364784111617
576925022163456000
576925281535074304
405352305849286656
452080061491843072
602868527129862144
572654286280081408
470025849451077633
575150010553106432
373269202498375680
496804604991258624
532224800094453761
507152759159013376
537276265011888128
581077674652647425
501471484175728641
513858548426870785
404337111748599808
363834350942437377
491314660117737472
547544782772649984
504813330557861889
501033229445758976
515699192027947008
553577272029229057
595997815433723905
614446463070928902
552655759570640897
554557277173465088
555558064745881602
524035156378923008
551071175309549568
493504488502992896
493895259278311424
574635154548899840
498503830636888064
582928694274052096
583349079389929472
567071540773396480
435557998123970562
501490251542827008
434169328523436032
592770936589447169
499002715771785217
504072722675408897
552857654776061953
558386498568216576
560108688976121856
563222727348461568
568418013738893312
575623687778529280
503020552760881152
403310315556712449
514424661271392257
497245653207384064
499768957273116672
557240743887405058
498904462023741440
556295299896205312
397511033742319616
545110997372252160
456811419980136448
534482096614834176
612420197249601537
372688635008933888
473320366124044288
474754217627099136
554535193168846848
356039264468865027
544752673254555648
359874499342110721
386228051387752449
392491041485758465
591403485016563712
379668728793034752
601865348204212224
366308999131430912
434386822656172032
368504336952745984
370743778337763328
512994057594077184
516757147070500864
615927941709582336
616123560084566016
616319764353302528
616329538453291008
569342920291184642
501693625831817216
504093272533647360
497170753545334784
526568644139319298
594271226803015681
491783978928451584
489563620293246976
462008370028105729
463444077027938304
488429318117543936
510055196140240897
615936026691915776
611043649070198786
364240629078818817
364251784543342592
364269555360608256
364269720905588736
364281617927241728
365271154795094016
365272157967769600
365276655717068800
365295624071024640
489933544169283584
496130072597000192
389924263488421888
390105780927877120
359016470829088769
485111057560530944
545413188087726081
497479506186493953
399663746953781248
491751866422681602
588021075369406465
588396552030445569
588843401761652739
602879567792078849
615283890568228864
615296021166489601
615925763137753088
616410291677593600
616412306210205696
450259978105159680
428729196513615873
610145096370135040
492404924806733824
492405454748663808
492677088076242944
509692002653724672
502288181975584768
503590384120135681
505207253830750208
515347916119367680
532608365693005824
532608436622872576
482831503832141824
513794475144249344
489412789606555648
492497290095886336
440528163659997184
495202995576254464
352669634681503745
353250173318729730
503536280131891200
504661751636717568
495734451801190401
525279395716825089
444904524340551680
567009866511036416
453280596685377536
455470380187017216
572801868310716418
498593492957147136
512665207554854913
512665330636689408
505881454690447360
506989448773791744
414030527767658497
414030993771597824
414961099163717632
415966509299924993
603254783345065984
432641229688680449
491344093390192640
366041473432563713
414503805775265792
375602362528067584
468198936222900225
485578363562504192
507994120338825216
596366303151181825
608869195628048384
603926047491522560
353275216463540224
533321707042639873
565595200719179776
375611510820990976
380751565729959936
387922426262454272
387963067793178624
388644853208604672
435620551587930113
554083169549701121
431327766592888832
431328128225792000
397893718872576000
616026030130728960
495638866901368832
563132479780163585
562420807813857280
489575393163481088
514880274912780289
514947687528275968
514949344806862848
536627647225561088
551154834318311424
458741657132077056
511914314350215168
440531389747056643
506198089246703616
539234672866525185
572569260746252288
450424044152569856
449913203846578176
514547054706982914
363025074644717568
515129776097755137
503438945573957632
541755165879980032
574069597063790594
433796989386772480
437012235592818688
495297924499529728
548268348514258944
413519975992000512
571200540086013952
368915333169414144
372909908154257408
509195912913362945
486252600204226561
488499052196016130
489890092337467392
504860338828111872
543603324667564032
562304273967759360
615579640753713152
612800483690971136
529806208837107712
574740916730134528
498999615124148225
505466465152430081
505483674541096960
430600546597093376
574951365476122624
503494839531745280
503499571683930112
488906967273201664
561922559697252352
550411528185589760
550509805836959744
568074581828894720
520389108972408833
489566133478227968
611618421365587968
602161262416502785
576864055039778816
579514862830796800
526063716522287104
488372221341990912
457191387117539328
375092816587669504
534710719187812352
403824012402257921
571128814614540290
571700238123069443
547683089280143362
564191388347400192
538049977952763904
434117301466435584
397097946074083328
570917897083756544
529828067196534784
538097676941008896
533131638063235073
590205305327321088
487819022419775488
497106192863608833
469454176246710273
479650630009913345
613137859185348608
503008753252564992
488218363827875840
543249118823346177
537653349781622784
588446082067144704
610555389269123073
525494790319013888
452108575913955328
541991994588160000
489825243532644352
612296253125304320
580616135030272000
612824557997703168
550735935177248768
547122022510510080
552922713883693056
552956161566441473
491292631339900929
489586020758061056
568127711975231488
560310314663948288
588487153434275840
496695063419047936
515546636714786816
552759110991876096
521049952634810368
532315067342024704
532695672747986945
592796215382822912
573006442019606528
573298753114923008
566612967513653249
556586322853658624
579718789626916864
489159609727193089
489159868981338112
591054102085373952
615714402281607168
616505102686396416
575874163870679040
556682584454074368
557795106728992768
567199549333458944
567102566883155969
570399990285246465
576962348830830592
536745241391685632
542564992974061569
562252946340319233
521330179327950848
590234665904050177
590283998984798209
539767756267462656
541887416181989376
543629329515970560
589257849538220033
552266159186530305
604678727725780992
583250169900171264
584852598915780608
585507227236184064
589662905647398912
586682592633757696
592517249702895616
