Source Target
625955583 499473029
625955583 1063964017
625955583 868166857
625955583 204505963
625955583 1855221553
625955583 492719258
625955583 702174332
625955583 577658717
625955583 258957310
625955583 445162661
499473029 625955583
1855221553 625955583
868166857 625955583
26257166 625955583
1063964017 625955583
492719258 625955583
702174332 625955583
445162661 625955583
334993383 448502844
243442402 334993383
21447363 334993383
66699013 334993383
95515846 334993383
15846407 334993383
28638191 334993383
20322929 334993383
268414482 334993383
1202498522 334993383
448502844 334993383
37338814 334993383
23065354 393023176
20567939 393023176
40927173 393023176
26257166 393023176
428624331 1099343106
428624331 520107371
428624331 1334384900
428624331 613536390
428624331 2166481671
428624331 2771935019
428624331 2210056586
428624331 423051148
428624331 519623053
428624331 1388034446
428624331 85933200
428624331 460345247
428624331 953928224
428624331 2208303137
428624331 874674210
428624331 597879076
428624331 630840838
428624331 2809676128
428624331 583728679
428624331 1729810986
428624331 588581639
428624331 2182645986
428624331 322430638
428624331 497708594
428624331 132406324
428624331 76154571
428624331 37836873
428624331 3023429378
428624331 970503498
428624331 297099583
428624331 578121152
428624331 430840544
428624331 525474371
428624331 1627098180
428624331 513276614
428624331 527813705
428624331 2499278017
428624331 301159927
428624331 417329442
428624331 439811344
428624331 2359005837
428624331 345561169
428624331 2470596389
428624331 412393560
428624331 1387582820
428624331 1003196635
428624331 2264373178
428624331 476352094
428624331 190638943
428624331 2264809568
428624331 471598433
428624331 3105319906
428624331 575838436
428624331 320495975
428624331 77769575
428624331 944730223
428624331 623343088
428624331 537529330
428624331 345559028
428624331 754428150
428624331 556989943
428624331 603104632
428624331 428466043
428624331 462427178
428624331 2688306942
1099343106 428624331
20567939 428624331
1334384900 428624331
630840838 428624331
588581639 428624331
2771935019 428624331
23065354 428624331
519623053 428624331
1388034446 428624331
85933200 428624331
268414482 428624331
2251251587 428624331
17074714 428624331
28638191 428624331
460345247 428624331
953928224 428624331
2208303137 428624331
874674210 428624331
597879076 428624331
95515846 428624331
2809676128 428624331
583728679 428624331
462427178 428624331
15846407 428624331
322430638 428624331
497708594 428624331
132406324 428624331
76154571 428624331
750700086 428624331
710481080 428624331
7831092 428624331
602457809 428624331
520107371 428624331
405785406 428624331
297099583 428624331
578121152 428624331
430840544 428624331
525474371 428624331
1627098180 428624331
513276614 428624331
527813705 428624331
970503498 428624331
301159927 428624331
417329442 428624331
439811344 428624331
345561169 428624331
446829778 428624331
2470596389 428624331
412393560 428624331
1387582820 428624331
1003196635 428624331
190638943 428624331
2264809568 428624331
3105319906 428624331
243442402 428624331
575838436 428624331
320495975 428624331
27195114 428624331
77769575 428624331
944730223 428624331
20322929 428624331
537529330 428624331
345559028 428624331
556989943 428624331
603104632 428624331
428466043 428624331
458714880 1099343106
458714880 2771935019
458714880 1334384900
458714880 613536390
458714880 2166481671
458714880 239941925
458714880 313660811
458714880 3023429378
458714880 1388034446
458714880 439811344
458714880 2757237401
458714880 434060997
458714880 953928224
458714880 2208303137
458714880 874674210
458714880 597879076
458714880 630840838
458714880 588581639
458714880 322430638
458714880 497708594
458714880 132406324
458714880 750700086
458714880 710481080
458714880 602457809
458714880 970503498
458714880 405785406
458714880 297099583
458714880 578121152
458714880 2809676128
458714880 525474371
458714880 1627098180
458714880 754428150
458714880 513276614
458714880 527813705
458714880 2499278017
458714880 417329442
458714880 2359005837
458714880 345561169
458714880 2470596389
458714880 412393560
458714880 1387582820
458714880 1003196635
458714880 190638943
458714880 430840544
458714880 2182645986
458714880 119898851
458714880 575838436
458714880 320495975
458714880 520107371
458714880 623343088
458714880 345559028
458714880 1232801910
458714880 301159927
458714880 603104632
458714880 428466043
1099343106 458714880
1334384900 458714880
613536390 458714880
2166481671 458714880
313660811 458714880
1388034446 458714880
513276614 458714880
2949481539 458714880
2757237401 458714880
434060997 458714880
953928224 458714880
2208303137 458714880
874674210 458714880
452553380 458714880
239941925 458714880
583728679 458714880
630840838 458714880
588581639 458714880
322430638 458714880
497708594 458714880
132406324 458714880
710481080 458714880
460345247 458714880
405785406 458714880
297099583 458714880
578121152 458714880
430840544 458714880
525474371 458714880
1627098180 458714880
1232801910 458714880
345561169 458714880
527813705 458714880
970503498 458714880
417329442 458714880
439811344 458714880
602457809 458714880
2470596389 458714880
412393560 458714880
597879076 458714880
1003196635 458714880
190638943 458714880
2809676128 458714880
85933200 458714880
2182645986 458714880
119898851 458714880
575838436 458714880
320495975 458714880
1387582820 458714880
520107371 458714880
623343088 458714880
345559028 458714880
754428150 458714880
301159927 458714880
603104632 458714880
401681146 458714880
428466043 458714880
1849880264 1064477576
226668570 37836873
37836873 226668570
334869337 868166857
334869337 2342806446
868166857 334869337
22536395 334869337
2342806446 334869337
229156063 37836873
23065354 229156063
15846407 1003163844
66699013 625157960
480828212 286714608
480828212 1866103183
286714608 480828212
25084916 480828212
26257166 480828212
1866103183 480828212
488032805 446703936
488032805 485150248
488032805 55923497
488032805 552025874
488032805 1099544911
488032805 458719985
488032805 511337266
488032805 574808147
488032805 512705044
488032805 522656150
488032805 1663791319
488032805 385632826
488032805 19881311
892330688 488032805
66699013 488032805
15846407 488032805
23065354 488032805
268414482 488032805
512705044 488032805
522656150 488032805
20322929 488032805
485150248 488032805
55923497 488032805
511337266 488032805
7831092 488032805
385632826 488032805
37338814 488032805
446703936 488032805
95515846 488032805
1099544911 488032805
574808147 488032805
1663791319 488032805
19881311 488032805
243442402 488032805
17919972 488032805
27195114 488032805
552025874 488032805
28638191 488032805
458719985 488032805
2298467139 2809676128
2298467139 1388034446
2809676128 2298467139
20322929 2298467139
1388034446 2298467139
433807489 492511146
1202498522 492511146
597851555 492511146
460536163 492511146
16078257 43158120
16078257 27970716
43158120 16078257
27970716 16078257
27195114 28743826
21447363 28743826
17074714 511289612
243442402 511289612
26257166 511289612
702174332 445162661
702174332 868166857
702174332 204505963
702174332 1855221553
702174332 492719258
702174332 577658717
445162661 702174332
868166857 702174332
204505963 702174332
1855221553 702174332
268414482 702174332
492719258 702174332
577658717 702174332
499473029 702174332
2757237401 2264809568
2757237401 874674210
2757237401 2949481539
2757237401 597879076
2757237401 630840838
2757237401 527813705
2757237401 2771935019
2757237401 2874717314
2757237401 944730223
2757237401 2182645986
2757237401 602457809
2757237401 497708594
2757237401 417329442
2757237401 603104632
2757237401 301159927
2757237401 412393560
2757237401 1387582820
2757237401 190638943
2757237401 297099583
1334384900 2757237401
630840838 2757237401
23065354 2757237401
874674210 2757237401
597879076 2757237401
2771935019 2757237401
497708594 2757237401
710481080 2757237401
405785406 2757237401
297099583 2757237401
2949481539 2757237401
527813705 2757237401
76154571 2757237401
417329442 2757237401
602457809 2757237401
446829778 2757237401
412393560 2757237401
190638943 2757237401
2264809568 2757237401
2182645986 2757237401
1387582820 2757237401
944730223 2757237401
623343088 2757237401
20322929 2757237401
301159927 2757237401
603104632 2757237401
1541521722 492719258
1541521722 286503685
1541521722 256349527
23065354 1541521722
20322929 1541521722
268414482 1541521722
27260086 1541521722
256349527 1541521722
401681146 1541521722
27195114 1541521722
321937906 37836873
37836873 321937906
20322929 120327894
268414482 120327894
27195114 120327894
28638191 120327894
27195114 768240223
243442402 768240223
268414482 768240223
20322929 2235891526
401681146 2235891526
23065354 2235891526
397386925 149730039
17074714 397386925
1202498522 397386925
149730039 397386925
519623053 1627098180
519623053 953928224
519623053 417329442
519623053 1387582820
519623053 1334384900
519623053 2359005837
519623053 76154571
519623053 588581639
519623053 527813705
519623053 462427178
519623053 423051148
519623053 497708594
519623053 944730223
519623053 446829778
519623053 754428150
519623053 710481080
519623053 597879076
519623053 1003196635
519623053 297099583
953928224 519623053
417329442 519623053
1387582820 519623053
1334384900 519623053
76154571 519623053
588581639 519623053
527813705 519623053
462427178 519623053
423051148 519623053
2359005837 519623053
944730223 519623053
446829778 519623053
497708594 519623053
754428150 519623053
710481080 519623053
1627098180 519623053
1003196635 519623053
597879076 519623053
297099583 519623053
22536395 206832380
511394431 37836873
37836873 511394431
401681146 366959229
40927173 366959229
338247838 37836873
37836873 338247838
1202498522 1061761946
593259038 216915562
1202498522 593259038
216915562 593259038
21447363 593259038
66699013 593259038
15846407 593259038
21447363 569142880
17919972 569142880
15846407 569142880
258957310 445162661
258957310 1063964017
258957310 868166857
258957310 2342806446
258957310 1855221553
258957310 492719258
258957310 577658717
445162661 258957310
21447363 258957310
17919972 258957310
499473029 258957310
1063964017 258957310
868166857 258957310
2342806446 258957310
1855221553 258957310
268414482 258957310
27260086 258957310
492719258 258957310
577658717 258957310
26257166 1306172023
20567939 339950954
1387582820 630840838
1387582820 1099343106
1387582820 953928224
1387582820 2208303137
1387582820 874674210
1387582820 1729810986
1387582820 583728679
1387582820 462427178
1387582820 588581639
1387582820 560020017
1387582820 497708594
1387582820 132406324
1387582820 750700086
1387582820 2956826679
1387582820 940186177
1387582820 525474371
1387582820 1627098180
1387582820 527813705
1387582820 345561169
1387582820 412393560
1387582820 948833372
1387582820 476352094
1387582820 2264809568
1387582820 77769575
1387582820 944730223
1387582820 1232801910
1387582820 2874717314
1387582820 613536390
1387582820 2359005837
1387582820 85933200
1387582820 322430638
1387582820 710481080
1387582820 2499278017
1387582820 434060997
1387582820 513276614
1387582820 76154571
1387582820 602457809
1387582820 446829778
1387582820 1003196635
1387582820 2470596389
1387582820 430840544
1387582820 2182645986
1387582820 575838436
1387582820 401798886
1387582820 556989943
1387582820 754428150
1387582820 319343658
1387582820 2688306942
1387582820 3023429378
1387582820 1334384900
1387582820 2166481671
1387582820 422125833
1387582820 417329442
1387582820 597879076
1387582820 239941925
1387582820 1129703720
1387582820 2771935019
1387582820 405785406
1387582820 297099583
1387582820 142882187
1387582820 970503498
1387582820 2268099925
1387582820 190638943
1387582820 471598433
1387582820 320495975
1387582820 520107371
1387582820 1576514412
1387582820 603104632
1387582820 428466043
1387582820 2251251587
1387582820 2210056586
1387582820 313660811
1387582820 423051148
1387582820 1388034446
1387582820 2949481539
1387582820 2955526552
1387582820 460345247
1387582820 37836873
1387582820 2264373178
1387582820 578121152
1387582820 3105319906
1387582820 417502191
1387582820 623343088
1387582820 537529330
1387582820 345559028
1387582820 301159927
1099343106 1387582820
20567939 1387582820
613536390 1387582820
2166481671 1387582820
239941925 1387582820
422125833 1387582820
2210056586 1387582820
313660811 1387582820
423051148 1387582820
1388034446 1387582820
85933200 1387582820
525474371 1387582820
417502191 1387582820
430840544 1387582820
1884257438 1387582820
434060997 1387582820
953928224 1387582820
2208303137 1387582820
874674210 1387582820
597879076 1387582820
630840838 1387582820
2809676128 1387582820
583728679 1387582820
1129703720 1387582820
319343658 1387582820
588581639 1387582820
2182645986 1387582820
322430638 1387582820
2771935019 1387582820
497708594 1387582820
132406324 1387582820
750700086 1387582820
2956826679 1387582820
710481080 1387582820
602457809 1387582820
460345247 1387582820
970503498 1387582820
405785406 1387582820
297099583 1387582820
578121152 1387582820
940186177 1387582820
2949481539 1387582820
1627098180 1387582820
1232801910 1387582820
513276614 1387582820
527813705 1387582820
2499278017 1387582820
417329442 1387582820
439811344 1387582820
2359005837 1387582820
345561169 1387582820
446829778 1387582820
26257166 1387582820
37836873 1387582820
412393560 1387582820
190638943 1387582820
2264809568 1387582820
471598433 1387582820
3105319906 1387582820
575838436 1387582820
401798886 1387582820
320495975 1387582820
77769575 1387582820
1576514412 1387582820
944730223 1387582820
623343088 1387582820
537529330 1387582820
345559028 1387582820
754428150 1387582820
301159927 1387582820
428466043 1387582820
2268099925 1387582820
492719258 445162661
492719258 286503685
492719258 1063964017
492719258 204505963
492719258 1855221553
492719258 577658717
492719258 499473029
445162661 492719258
20567939 492719258
66699013 492719258
577658717 492719258
15846407 492719258
23065354 492719258
20322929 492719258
1063964017 492719258
499473029 492719258
1855221553 492719258
21447363 492719258
286503685 492719258
27260086 492719258
256349527 492719258
27195114 492719258
2409921199 430165833
2409921199 506505588
17919972 2409921199
40927173 2409921199
15846407 2409921199
37836873 2409921199
506505588 2409921199
430165833 2409921199
100416225 37836873
37836873 100416225
27195114 100416225
433807489 770639552
770639552 433807489
27195114 433807489
262360972 433807489
28638191 433807489
20322929 433807489
27260086 433807489
552025874 343727082
17074714 343727082
23065354 343727082
15846407 343727082
243442402 40398774
20567939 40398774
17919972 40398774
66699013 40398774
95515846 40398774
23065354 40398774
28638191 40398774
20322929 40398774
268414482 40398774
21447363 40398774
7831092 40398774
27260086 40398774
27195114 40398774
401681146 314244086
27195114 314244086
268414482 314244086
23065354 314244086
243442402 314244086
23065354 399820878
20567939 472975354
23065354 472975354
26257166 472975354
20322929 472975354
552025874 472975354
27195114 472975354
15846407 32745576
838546968 27347296
838546968 199071521
838546968 452553380
838546968 239941925
838546968 297099583
27347296 838546968
452553380 838546968
297099583 838546968
243442402 13363422
17074714 3105562177
21447363 3105562177
17919972 3105562177
15846407 3105562177
28631637 37836873
28631637 11554482
28631637 15846407
37836873 28631637
11554482 28631637
20567939 28631637
66699013 28631637
20322929 58261486
243442402 58261486
21447363 58261486
17919972 58261486
268414482 58261486
579394937 1058761578
20567939 579394937
27195114 579394937
28638191 579394937
20322929 579394937
27260086 579394937
1202498522 579394937
1058761578 579394937
243442402 307610431
40927173 307610431
15846407 307610431
23065354 307610431
268414482 307610431
7831092 307610431
1202498522 307610431
2774097167 2295892588
2774097167 1115598254
20567939 2774097167
23065354 2774097167
2295892588 2774097167
1115598254 2774097167
28638191 2774097167
20322929 2774097167
268414482 2774097167
27195114 2774097167
21447363 44547986
17919972 44547986
95515846 44547986
15846407 44547986
28638191 44547986
268414482 44547986
17074714 44547986
69073285 37836873
37836873 69073285
418803338 523539873
523539873 418803338
1202498522 418803338
25084916 418803338
40927173 418803338
66699013 418803338
22536395 63780158
345561169 1099343106
345561169 1334384900
345561169 630840838
345561169 2499278017
345561169 422125833
345561169 2210056586
345561169 313660811
345561169 423051148
345561169 3023429378
345561169 85933200
345561169 944730223
345561169 76154571
345561169 417329442
345561169 597879076
345561169 2470596389
345561169 301159927
345561169 1129703720
345561169 2771935019
345561169 322430638
345561169 497708594
345561169 750700086
345561169 710481080
345561169 297099583
345561169 578121152
345561169 430840544
345561169 525474371
345561169 1627098180
345561169 37836873
345561169 970503498
345561169 2182645986
345561169 602457809
345561169 446829778
345561169 2268099925
345561169 1003196635
345561169 948833372
345561169 476352094
345561169 2264809568
345561169 471598433
345561169 3105319906
345561169 575838436
345561169 77769575
345561169 520107371
345561169 583728679
345561169 417502191
345561169 623343088
345561169 537529330
345561169 345559028
345561169 754428150
345561169 556989943
345561169 603104632
345561169 428466043
345561169 142882187
345561169 2688306942
1099343106 345561169
20567939 345561169
1334384900 345561169
630840838 345561169
422125833 345561169
2210056586 345561169
313660811 345561169
944730223 345561169
76154571 345561169
417329442 345561169
597879076 345561169
2470596389 345561169
301159927 345561169
1129703720 345561169
2771935019 345561169
322430638 345561169
497708594 345561169
27260086 345561169
710481080 345561169
297099583 345561169
578121152 345561169
430840544 345561169
525474371 345561169
750700086 345561169
970503498 345561169
602457809 345561169
452553380 345561169
1003196635 345561169
2264809568 345561169
471598433 345561169
575838436 345561169
77769575 345561169
27195114 345561169
583728679 345561169
417502191 345561169
623343088 345561169
537529330 345561169
345559028 345561169
754428150 345561169
556989943 345561169
603104632 345561169
428466043 345561169
142882187 345561169
17074714 1490689986
37262609 37836873
37836873 37262609
380683871 2182645986
380683871 1003196635
2182645986 380683871
1003196635 380683871
61045251 37836873
15846407 708776905
41917912 37836873
37836873 41917912
15846407 1900090340
27195114 1900090340
2342806446 1900090340
268414482 1900090340
7831092 1900090340
27260086 1900090340
870323894 470450388
25084916 870323894
22536395 870323894
470450388 870323894
504220475 57707109
66699013 504220475
57707109 504220475
262987311 504220475
2490949457 39165493
39165493 2490949457
520822010 2853990785
520822010 2392048771
520822010 124885765
520822010 613572746
520822010 448708119
520822010 924619922
520822010 1284846230
520822010 3085067415
520822010 790743205
520822010 1261104043
520822010 1115598254
520822010 527131581
520822010 1539079614
520822010 2570083396
520822010 1737110863
520822010 355131216
520822010 547163733
520822010 898781401
520822010 711963104
520822010 142784865
520822010 322215653
520822010 534797800
520822010 529050858
520822010 43462511
520822010 506762486
520822010 2382862333
2853990785 520822010
124885765 520822010
142784865 520822010
534797800 520822010
529050858 520822010
613572746 520822010
1261104043 520822010
1115598254 520822010
2382862333 520822010
355131216 520822010
506762486 520822010
547163733 520822010
1284846230 520822010
448708119 520822010
898781401 520822010
527131581 520822010
1539079614 520822010
1202498522 370375281
26257166 370375281
15846407 370375281
20322929 1449278797
27195114 1449278797
20567939 1449278797
262360972 1449278797
26257166 1449278797
939342902 1855221553
20567939 939342902
20322929 939342902
37836873 939342902
23065354 939342902
26257166 939342902
1855221553 939342902
27195114 939342902
362908024 236259337
236259337 362908024
20567939 362908024
243442402 998447660
37836873 998447660
27195114 998447660
20322929 998447660
268414482 998447660
23065354 998447660
464316103 37836873
464316103 470649270
401681146 464316103
470649270 464316103
815891917 190638943
20322929 815891917
23065354 815891917
21447363 815891917
17919972 815891917
190638943 815891917
27195114 453698155
439811344 1099343106
439811344 1334384900
439811344 2166481671
439811344 422125833
439811344 423051148
439811344 3023429378
439811344 1388034446
439811344 2955526552
439811344 2208303137
439811344 417329442
439811344 452553380
439811344 239941925
439811344 462427178
439811344 588581639
439811344 497708594
439811344 132406324
439811344 750700086
439811344 2956826679
439811344 710481080
439811344 578121152
439811344 430840544
439811344 76154571
439811344 513276614
439811344 37836873
439811344 970503498
439811344 2359005837
439811344 602457809
439811344 319343658
439811344 412393560
439811344 597879076
439811344 2470596389
439811344 2809676128
439811344 401798886
439811344 520107371
439811344 944730223
439811344 623343088
439811344 1232801910
439811344 428466043
439811344 1729810986
439811344 2688306942
1099343106 439811344
1729810986 439811344
1334384900 439811344
2166481671 439811344
23065354 439811344
423051148 439811344
1388034446 439811344
2955526552 439811344
2208303137 439811344
417329442 439811344
452553380 439811344
239941925 439811344
319343658 439811344
588581639 439811344
497708594 439811344
132406324 439811344
2956826679 439811344
710481080 439811344
578121152 439811344
430840544 439811344
76154571 439811344
513276614 439811344
37836873 439811344
970503498 439811344
602457809 439811344
26257166 439811344
412393560 439811344
597879076 439811344
2809676128 439811344
401798886 439811344
520107371 439811344
944730223 439811344
623343088 439811344
428466043 439811344
462427178 439811344
28638191 28005502
20322929 239892847
243442402 239892847
1202498522 239892847
37338814 50390833
27195114 45698701
24013474 75356276
40927173 24013474
15846407 24013474
22536395 24013474
26257166 24013474
268414482 24013474
25084916 24013474
75356276 24013474
17074714 24013474
1038564589 2766044225
2766044225 1038564589
27195114 2309462765
20567939 2309462765
84731418 1584875376
1584875376 84731418
20322929 84731418
23065354 84731418
552025874 84731418
26257166 337885206
40927173 149730039
23065354 149730039
26257166 149730039
20322929 149730039
1202498522 149730039
464362312 66699013
17074714 464362312
17919972 464362312
66699013 464362312
23065354 464362312
35834072 38467384
38467384 35834072
268414482 35834072
66699013 35834072
27195114 35834072
15846407 35834072
1202498522 325932617
15846407 325932617
17919972 774926011
66699013 774926011
15846407 774926011
612200628 2853990785
612200628 2570083396
612200628 1710489060
2853990785 612200628
1710489060 612200628
588581639 3023429378
588581639 2251251587
588581639 1334384900
588581639 630840838
588581639 422125833
588581639 1388034446
588581639 2208303137
588581639 874674210
588581639 597879076
588581639 1729810986
588581639 322430638
588581639 560020017
588581639 497708594
588581639 750700086
588581639 297099583
588581639 27347296
588581639 76154571
588581639 1627098180
588581639 434060997
588581639 513276614
588581639 527813705
588581639 2359005837
588581639 412393560
588581639 1003196635
588581639 2264809568
588581639 2182645986
588581639 944730223
588581639 603104632
588581639 428466043
1334384900 588581639
630840838 588581639
422125833 588581639
2359005837 588581639
1388034446 588581639
76154571 588581639
2208303137 588581639
874674210 588581639
597879076 588581639
1729810986 588581639
322430638 588581639
560020017 588581639
497708594 588581639
297099583 588581639
27347296 588581639
2949481539 588581639
1627098180 588581639
434060997 588581639
513276614 588581639
527813705 588581639
446829778 588581639
412393560 588581639
2264809568 588581639
2182645986 588581639
944730223 588581639
603104632 588581639
428466043 588581639
21447363 565944843
17919972 565944843
15846407 565944843
26257166 565944843
27260086 565944843
17074714 565944843
20322929 42492854
23065354 42492854
243442402 207296404
416779046 207296404
95515846 207296404
23065354 207296404
435036044 207296404
268414482 207296404
17074714 207296404
522656150 446703936
522656150 892330688
522656150 485150248
522656150 55923497
522656150 1099544911
522656150 511337266
522656150 574808147
522656150 512705044
522656150 1663791319
522656150 385632826
522656150 19881311
446703936 522656150
892330688 522656150
17919972 522656150
95515846 522656150
20322929 522656150
485150248 522656150
55923497 522656150
23065354 522656150
27195114 522656150
1099544911 522656150
458719985 522656150
511337266 522656150
574808147 522656150
512705044 522656150
27260086 522656150
1663791319 522656150
385632826 522656150
19881311 522656150
1202498522 522656150
66699013 522656150
27195114 3100176147
412393560 1099343106
412393560 2771935019
412393560 1334384900
412393560 630840838
412393560 2166481671
412393560 422125833
412393560 423051148
412393560 3023429378
412393560 1388034446
412393560 2955526552
412393560 434060997
412393560 2208303137
412393560 452553380
412393560 239941925
412393560 462427178
412393560 497708594
412393560 132406324
412393560 750700086
412393560 2956826679
412393560 710481080
412393560 460345247
412393560 405785406
412393560 297099583
412393560 578121152
412393560 2809676128
412393560 76154571
412393560 754428150
412393560 513276614
412393560 527813705
412393560 970503498
412393560 602457809
412393560 446829778
412393560 319343658
412393560 597879076
412393560 2470596389
412393560 430840544
412393560 3105319906
412393560 401798886
412393560 520107371
412393560 944730223
412393560 1232801910
412393560 603104632
412393560 428466043
412393560 1729810986
1099343106 412393560
2771935019 412393560
1334384900 412393560
630840838 412393560
2166481671 412393560
422125833 412393560
423051148 412393560
1388034446 412393560
2949481539 412393560
2955526552 412393560
20567939 412393560
434060997 412393560
2208303137 412393560
597879076 412393560
239941925 412393560
319343658 412393560
132406324 412393560
2956826679 412393560
710481080 412393560
460345247 412393560
405785406 412393560
297099583 412393560
578121152 412393560
76154571 412393560
754428150 412393560
513276614 412393560
527813705 412393560
970503498 412393560
602457809 412393560
446829778 412393560
452553380 412393560
2470596389 412393560
2809676128 412393560
3105319906 412393560
401798886 412393560
520107371 412393560
944730223 412393560
1232801910 412393560
603104632 412393560
428466043 412393560
462427178 412393560
446691061 2232387650
2232387650 446691061
15846407 762522697
243442402 38454964
21447363 38454964
17919972 38454964
66699013 38454964
15846407 38454964
28638191 38454964
268414482 38454964
40927173 38454964
268414482 946653426
17919972 946653426
243442402 946653426
399665467 3085067415
2382862333 399665467
27347296 199071521
27347296 2874717314
27347296 37836873
27347296 1134852266
27347296 256729520
27347296 821982482
27347296 1003196635
21447363 27347296
452553380 27347296
1134852266 27347296
15846407 27347296
256729520 27347296
821982482 27347296
27260086 27347296
17919972 27347296
17074714 27347296
27195114 27347296
37338814 27347296
40927173 355067444
20567939 232742329
37836873 232742329
27195114 232742329
26257166 232742329
20322929 232742329
23065354 232742329
243442402 242798844
359520878 37836873
27195114 359520878
17074714 359520878
20567939 359520878
23065354 359520878
28638191 359520878
1534454587 52594985
52594985 1534454587
511337266 446703936
511337266 485150248
511337266 55923497
511337266 1099544911
511337266 458719985
511337266 574808147
511337266 512705044
511337266 1663791319
511337266 385632826
511337266 19881311
446703936 511337266
21447363 511337266
55923497 511337266
28638191 511337266
458719985 511337266
574808147 511337266
512705044 511337266
66699013 511337266
385632826 511337266
19881311 511337266
20322929 224375425
7831092 224375425
27260086 224375425
15846407 224375425
587669249 37836873
17919972 577170289
66699013 577170289
15846407 577170289
27195114 577170289
20322929 577170289
268414482 577170289
27260086 577170289
874674210 2874717314
874674210 2251251587
874674210 630840838
874674210 3023429378
874674210 417329442
874674210 597879076
874674210 497708594
874674210 750700086
874674210 297099583
874674210 2949481539
874674210 1627098180
874674210 527813705
874674210 1003196635
874674210 948833372
874674210 320495975
874674210 944730223
874674210 537529330
874674210 754428150
874674210 603104632
1334384900 874674210
630840838 874674210
417329442 874674210
597879076 874674210
497708594 874674210
297099583 874674210
2949481539 874674210
1627098180 874674210
527813705 874674210
1003196635 874674210
948833372 874674210
320495975 874674210
944730223 874674210
623343088 874674210
537529330 874674210
754428150 874674210
603104632 874674210
304065364 2392048771
304065364 613572746
304065364 3085067415
304065364 924619922
304065364 1284846230
304065364 448708119
304065364 790743205
304065364 1261104043
304065364 1115598254
304065364 527131581
304065364 1539079614
304065364 2570083396
304065364 1737110863
304065364 355131216
304065364 547163733
304065364 898781401
304065364 711963104
304065364 142784865
304065364 322215653
304065364 529050858
304065364 43462511
304065364 506762486
711963104 304065364
142784865 304065364
2570083396 304065364
322215653 304065364
2382862333 304065364
2853990785 304065364
506762486 304065364
613572746 304065364
1261104043 304065364
1115598254 304065364
43462511 304065364
355131216 304065364
547163733 304065364
1284846230 304065364
448708119 304065364
898781401 304065364
529050858 304065364
1539079614 304065364
20322929 1584875376
23065354 1584875376
20567939 1584875376
552025874 1584875376
1202498522 382184863
66699013 382184863
26257166 382184863
19978690 15846407
21447363 19978690
15846407 19978690
1202498522 558308178
15846407 558308178
7831092 61568018
15846407 61568018
243442402 474531168
21447363 474531168
66699013 474531168
28638191 474531168
268414482 474531168
1202498522 474531168
243442402 265739026
27195114 265739026
22536395 265739026
20322929 265739026
552025874 265739026
401681146 265739026
23065354 265739026
2653409590 61859956
20322929 2653409590
23065354 2653409590
20567939 2653409590
61859956 2653409590
27195114 2653409590
268414482 708319700
28638191 708319700
1663791319 446703936
1663791319 892330688
1663791319 55923497
1663791319 574808147
1663791319 512705044
446703936 1663791319
892330688 1663791319
21447363 1663791319
66699013 1663791319
485150248 1663791319
55923497 1663791319
23065354 1663791319
487077964 1663791319
26257166 1663791319
1099544911 1663791319
458719985 1663791319
574808147 1663791319
512705044 1663791319
385632826 1663791319
19881311 1663791319
27195114 1663791319
22536395 989718254
26257166 989718254
15846407 989718254
17074714 360126300
20567939 360126300
20322929 551105725
27195114 551105725
17919972 551105725
66699013 551105725
28638191 551105725
21447363 11554482
17919972 11554482
15846407 11554482
22536395 11554482
26257166 11554482
28638191 11554482
268414482 11554482
7831092 11554482
27260086 11554482
156594920 37836873
37836873 156594920
40927173 156594920
26257166 156594920
21447363 428298603
17919972 428298603
27195114 428298603
20322929 428298603
25084916 428298603
17074714 428298603
1202498522 428298603
27195114 200774941
20567939 200774941
1581777062 2289068064
1581777062 380299008
1581777062 1710489060
1581777062 124885765
1581777062 348044167
1581777062 1258283976
1581777062 534797800
1581777062 378200627
1581777062 2774033448
1581777062 1032091164
1581777062 526987103
2289068064 1581777062
380299008 1581777062
1710489060 1581777062
124885765 1581777062
348044167 1581777062
1258283976 1581777062
534797800 1581777062
378200627 1581777062
2774033448 1581777062
1032091164 1581777062
526987103 1581777062
487843108 142784865
487843108 2570083396
487843108 534797800
487843108 1115598254
487843108 1737110863
487843108 776977777
487843108 3085067415
534797800 487843108
142784865 487843108
776977777 487843108
25084916 2364908604
26257166 2364908604
95515846 2364908604
28638191 2364908604
27970716 43158120
27970716 109062362
43158120 27970716
109062362 27970716
40927173 27970716
26257166 27970716
527813705 1099343106
527813705 1334384900
527813705 630840838
527813705 422125833
527813705 2210056586
527813705 1388034446
527813705 552025874
527813705 460345247
527813705 953928224
527813705 597879076
527813705 1729810986
527813705 2771935019
527813705 322430638
527813705 560020017
527813705 497708594
527813705 750700086
527813705 710481080
527813705 297099583
527813705 578121152
527813705 940186177
527813705 76154571
527813705 1627098180
527813705 754428150
527813705 513276614
527813705 417329442
527813705 2359005837
527813705 452553380
527813705 1003196635
527813705 476352094
527813705 190638943
527813705 430840544
527813705 2182645986
527813705 575838436
527813705 520107371
527813705 944730223
527813705 623343088
527813705 1232801910
527813705 603104632
527813705 428466043
527813705 462427178
1099343106 527813705
1334384900 527813705
630840838 527813705
422125833 527813705
460345247 527813705
953928224 527813705
597879076 527813705
462427178 527813705
2771935019 527813705
322430638 527813705
560020017 527813705
497708594 527813705
750700086 527813705
710481080 527813705
297099583 527813705
940186177 527813705
76154571 527813705
1627098180 527813705
754428150 527813705
513276614 527813705
417329442 527813705
2359005837 527813705
452553380 527813705
1003196635 527813705
190638943 527813705
430840544 527813705
2182645986 527813705
575838436 527813705
520107371 527813705
944730223 527813705
623343088 527813705
1232801910 527813705
603104632 527813705
428466043 527813705
1729810986 527813705
392959733 191567917
191567917 392959733
1007393280 37836873
1007393280 428466043
37836873 1007393280
428466043 1007393280
17074714 403689812
243442402 403689812
821982482 256729520
821982482 199071521
256729520 821982482
21447363 821982482
37338814 821982482
27195114 373155877
243442402 373155877
66699013 373155877
266752871 318159249
318159249 266752871
27195114 266752871
17919972 431194878
243442402 1578013807
21447363 1578013807
15846407 1578013807
20322929 842403408
268414482 842403408
27195114 842403408
95515846 842403408
710481080 1853090214
26257166 1853090214
446703936 892330688
446703936 485150248
446703936 37836873
446703936 55923497
446703936 1099544911
446703936 458719985
446703936 574808147
446703936 512705044
446703936 385632826
446703936 552025874
66699013 446703936
23065354 446703936
268414482 446703936
512705044 446703936
17074714 446703936
485150248 446703936
55923497 446703936
7831092 446703936
385632826 446703936
37338814 446703936
892330688 446703936
95515846 446703936
1099544911 446703936
574808147 446703936
243442402 446703936
27195114 446703936
552025874 446703936
28638191 446703936
458719985 446703936
216915562 69178632
21447363 216915562
69178632 216915562
401681146 216915562
28638191 216915562
27260086 216915562
1202498522 216915562
17074714 216915562
20567939 52594985
268414482 1328228852
21447363 1328228852
17919972 1328228852
243442402 1328228852
27260086 1328228852
27195114 2332413998
26257166 16568241
26257166 1058761578
20322929 1612581812
23065354 1612581812
20567939 1612581812
1202498522 1612581812
27195114 334352829
20567939 334352829
151664782 1855221553
151664782 445162661
151664782 499473029
151664782 37836873
1855221553 151664782
7831092 151664782
499473029 151664782
445162661 151664782
26257166 231078273
20322929 275225477
129085068 541379799
20322929 129085068
541379799 129085068
1134852266 256729520
256729520 1134852266
552025874 1134852266
26257166 1134852266
2208303137 1099343106
2208303137 2771935019
2208303137 1334384900
2208303137 630840838
2208303137 2166481671
2208303137 422125833
2208303137 423051148
2208303137 3023429378
2208303137 1388034446
2208303137 525474371
2208303137 2955526552
2208303137 460345247
2208303137 76154571
2208303137 597879076
2208303137 239941925
2208303137 583728679
2208303137 462427178
2208303137 497708594
2208303137 132406324
2208303137 750700086
2208303137 2956826679
2208303137 710481080
2208303137 405785406
2208303137 297099583
2208303137 578121152
2208303137 940186177
2208303137 2949481539
2208303137 434060997
2208303137 513276614
2208303137 37836873
2208303137 970503498
2208303137 2182645986
2208303137 2359005837
2208303137 2809676128
2208303137 446829778
2208303137 319343658
2208303137 452553380
2208303137 2470596389
2208303137 430840544
2208303137 3105319906
2208303137 575838436
2208303137 401798886
2208303137 602457809
2208303137 520107371
2208303137 944730223
2208303137 623343088
2208303137 537529330
2208303137 754428150
2208303137 603104632
2208303137 428466043
2208303137 1729810986
1099343106 2208303137
20567939 2208303137
1334384900 2208303137
630840838 2208303137
422125833 2208303137
423051148 2208303137
26257166 2208303137
525474371 2208303137
2955526552 2208303137
460345247 2208303137
452553380 2208303137
239941925 2208303137
583728679 2208303137
319343658 2208303137
2771935019 2208303137
132406324 2208303137
2956826679 2208303137
710481080 2208303137
405785406 2208303137
297099583 2208303137
578121152 2208303137
940186177 2208303137
2949481539 2208303137
434060997 2208303137
513276614 2208303137
970503498 2208303137
76154571 2208303137
602457809 2208303137
446829778 2208303137
1388034446 2208303137
575838436 2208303137
597879076 2208303137
2470596389 2208303137
2809676128 2208303137
3105319906 2208303137
401798886 2208303137
520107371 2208303137
944730223 2208303137
2166481671 2208303137
754428150 2208303137
428466043 2208303137
462427178 2208303137
69178632 384052060
243442402 69178632
21447363 69178632
15846407 69178632
23065354 69178632
28638191 69178632
27260086 69178632
1202498522 69178632
17074714 69178632
1063964017 868166857
1063964017 1855221553
17919972 1063964017
445162661 1063964017
868166857 1063964017
2342806446 1063964017
1855221553 1063964017
577658717 1063964017
499473029 1063964017
131709086 63819713
131709086 41829451
131709086 448502844
131709086 15846407
63819713 131709086
243442402 131709086
66699013 131709086
15846407 131709086
41829451 131709086
268414482 131709086
448502844 131709086
20322929 1491162385
20567939 1491162385
268414482 346964353
20567939 346964353
17919972 2508517831
399458716 1975716493
20322929 399458716
23065354 399458716
26257166 399458716
1975716493 399458716
27260086 399458716
20567939 32277910
20322929 250092901
27195114 250092901
20567939 250092901
28638191 250092901
60726440 37836873
21447363 60726440
17919972 60726440
66699013 60726440
26257166 60726440
1202498522 60726440
40927173 60726440
27195114 2232387650
236259337 60212934
243442402 60212934
268414482 60212934
28638191 60212934
268414482 387407002
20322929 573107341
27195114 573107341
26257166 573107341
1258283976 2289068064
1258283976 380299008
1258283976 1710489060
1258283976 124885765
1258283976 2774033448
1258283976 529050858
1258283976 1115598254
1258283976 2598558160
1258283976 534797800
1258283976 378200627
1258283976 526987103
2289068064 1258283976
380299008 1258283976
20567939 1258283976
1710489060 1258283976
124885765 1258283976
2774033448 1258283976
529050858 1258283976
1115598254 1258283976
534797800 1258283976
268414482 1258283976
378200627 1258283976
26257166 1258283976
401681146 1258283976
526987103 1258283976
20322929 259087800
268414482 259087800
27195114 259087800
17919972 259087800
401681146 259087800
22536395 9839652
30329125 37836873
21447363 30329125
95515846 30329125
15846407 30329125
3093499642 27260086
27195114 3093499642
27260086 3093499642
20567939 746114262
15846407 746114262
23065354 746114262
28638191 746114262
20322929 746114262
268414482 746114262
27260086 746114262
17074714 746114262
27195114 746114262
26257166 2492583220
17919972 161044902
15846407 161044902
1202498522 416779046
499086313 416779046
243442402 416779046
40927173 416779046
790627525 416779046
37836873 2762084271
27195114 2762084271
20567939 2762084271
23065354 2762084271
20322929 2762084271
243442402 1110554497
20567939 1110554497
17919972 1110554497
15846407 1110554497
27195114 1110554497
268414482 1110554497
21447363 1110554497
27260086 1110554497
20567939 365222179
243442402 286223068
20567939 286223068
66699013 286223068
27195114 286223068
20322929 286223068
268414482 286223068
17074714 1592165305
17919972 1592165305
26257166 54755688
20567939 979452078
17919972 979452078
37836873 979452078
23065354 979452078
20322929 979452078
268414482 979452078
27260086 979452078
401681146 979452078
27195114 979452078
40927173 132405646
20567939 29504347
17919972 29504347
40927173 29504347
95515846 29504347
23065354 29504347
26257166 29504347
28638191 29504347
20322929 29504347
268414482 29504347
21447363 29504347
7831092 29504347
27260086 29504347
27195114 29504347
37338814 29504347
23065354 506505588
40927173 506505588
26257166 506505588
603104632 2874717314
603104632 2251251587
603104632 1334384900
603104632 630840838
603104632 2166481671
603104632 2771935019
603104632 142882187
603104632 423051148
603104632 3023429378
603104632 2955526552
603104632 430840544
603104632 953928224
603104632 597879076
603104632 1729810986
603104632 322430638
603104632 560020017
603104632 497708594
603104632 750700086
603104632 37836873
603104632 710481080
603104632 2264373178
603104632 297099583
603104632 578121152
603104632 940186177
603104632 76154571
603104632 1627098180
603104632 434060997
603104632 513276614
603104632 970503498
603104632 417329442
603104632 1003196635
603104632 948833372
603104632 476352094
603104632 190638943
603104632 2264809568
603104632 2182645986
603104632 401798886
603104632 602457809
603104632 520107371
603104632 944730223
603104632 623343088
603104632 345559028
603104632 1232801910
603104632 301159927
603104632 428466043
603104632 2688306942
2874717314 603104632
1334384900 603104632
630840838 603104632
422125833 603104632
2210056586 603104632
142882187 603104632
423051148 603104632
1884257438 603104632
953928224 603104632
597879076 603104632
2771935019 603104632
322430638 603104632
560020017 603104632
497708594 603104632
76154571 603104632
750700086 603104632
710481080 603104632
297099583 603104632
578121152 603104632
940186177 603104632
2949481539 603104632
1627098180 603104632
434060997 603104632
513276614 603104632
970503498 603104632
417329442 603104632
1003196635 603104632
948833372 603104632
476352094 603104632
190638943 603104632
2264809568 603104632
2182645986 603104632
401798886 603104632
602457809 603104632
520107371 603104632
944730223 603104632
623343088 603104632
537529330 603104632
345559028 603104632
1232801910 603104632
301159927 603104632
428466043 603104632
868166857 445162661
868166857 204505963
445162661 868166857
204505963 868166857
1202498522 383278862
15846407 383278862
20322929 1026852025
23065354 1026852025
1202498522 1026852025
243442402 22429220
7831092 22429220
19881311 892330688
19881311 485150248
19881311 55923497
19881311 1099544911
19881311 458719985
19881311 574808147
19881311 512705044
19881311 385632826
892330688 19881311
243442402 19881311
21447363 19881311
17919972 19881311
1099544911 19881311
268414482 19881311
7831092 19881311
512705044 19881311
385632826 19881311
20322929 411791097
268414482 411791097
27195114 411791097
28638191 411791097
1202498522 523539873
164051162 37836873
816420409 37836873
37836873 816420409
23065354 816420409
40927173 816420409
27195114 816420409
20322929 816420409
42421524 37836873
243442402 42421524
17919972 42421524
40927173 42421524
26257166 42421524
15846407 42421524
25084916 180426501
15846407 180426501
20567939 391784263
66699013 361587870
268414482 384052060
15846407 384052060
17919972 384052060
28638191 384052060
39165493 37836873
37836873 39165493
20567939 39165493
20322929 39165493
199071521 605525306
287730314 1912146536
287730314 63819713
287730314 448502844
63819713 287730314
243442402 287730314
1912146536 287730314
27195114 287730314
28638191 287730314
20322929 287730314
21447363 51543590
40927173 51543590
620263299 47574752
26257166 620263299
350489388 529050858
350489388 3085067415
243442402 350489388
37836873 350489388
23065354 350489388
27195114 350489388
26257166 350489388
20322929 350489388
268414482 350489388
529050858 350489388
40378935 768380431
20322929 40378935
243442402 40378935
27195114 40378935
768380431 40378935
268414482 237503076
268414482 169786033
243442402 169786033
26257166 22106685
15846407 22106685
21447363 257816944
66699013 257816944
95515846 257816944
15846407 257816944
23065354 257816944
28638191 257816944
552025874 257816944
27260086 257816944
262360972 460536163
262360972 95515846
262360972 526987103
243442402 262360972
40927173 262360972
27195114 262360972
28638191 262360972
20322929 262360972
27260086 262360972
23065354 262360972
1334384900 630840838
1334384900 1099343106
1334384900 953928224
1334384900 1729810986
1334384900 583728679
1334384900 462427178
1334384900 560020017
1334384900 497708594
1334384900 132406324
1334384900 750700086
1334384900 2956826679
1334384900 940186177
1334384900 525474371
1334384900 1627098180
1334384900 476352094
1334384900 2264809568
1334384900 77769575
1334384900 944730223
1334384900 1232801910
1334384900 2874717314
1334384900 613536390
1334384900 2359005837
1334384900 85933200
1334384900 322430638
1334384900 710481080
1334384900 2499278017
1334384900 434060997
1334384900 513276614
1334384900 446829778
1334384900 1003196635
1334384900 2470596389
1334384900 430840544
1334384900 2182645986
1334384900 575838436
1334384900 401798886
1334384900 556989943
1334384900 754428150
1334384900 319343658
1334384900 2688306942
1334384900 3023429378
1334384900 2166481671
1334384900 422125833
1334384900 417329442
1334384900 597879076
1334384900 239941925
1334384900 1129703720
1334384900 2771935019
1334384900 405785406
1334384900 297099583
1334384900 142882187
1334384900 970503498
1334384900 2268099925
1334384900 190638943
1334384900 2809676128
1334384900 471598433
1334384900 320495975
1334384900 520107371
1334384900 1576514412
1334384900 428466043
1334384900 2251251587
1334384900 2210056586
1334384900 313660811
1334384900 423051148
1334384900 1388034446
1334384900 2949481539
1334384900 2955526552
1334384900 460345247
1334384900 470649270
1334384900 37836873
1334384900 2264373178
1334384900 578121152
1334384900 3105319906
1334384900 417502191
1334384900 623343088
1334384900 537529330
1334384900 345559028
1334384900 301159927
1099343106 1334384900
66699013 1334384900
630840838 1334384900
2166481671 1334384900
422125833 1334384900
23065354 1334384900
313660811 1334384900
423051148 1334384900
1388034446 1334384900
268414482 1334384900
2949481539 1334384900
2955526552 1334384900
95515846 1334384900
28638191 1334384900
430840544 1334384900
1884257438 1334384900
434060997 1334384900
953928224 1334384900
417329442 1334384900
597879076 1334384900
239941925 1334384900
583728679 1334384900
1129703720 1334384900
319343658 1334384900
2771935019 1334384900
322430638 1334384900
497708594 1334384900
132406324 1334384900
556989943 1334384900
27260086 1334384900
2956826679 1334384900
710481080 1334384900
460345247 1334384900
2470596389 1334384900
405785406 1334384900
297099583 1334384900
578121152 1334384900
2809676128 1334384900
525474371 1334384900
1627098180 1334384900
1232801910 1334384900
513276614 1334384900
970503498 1334384900
602457809 1334384900
446829778 1334384900
940186177 1334384900
452553380 1334384900
76154571 1334384900
948833372 1334384900
190638943 1334384900
2264809568 1334384900
471598433 1334384900
3105319906 1334384900
575838436 1334384900
401798886 1334384900
77769575 1334384900
520107371 1334384900
1576514412 1334384900
417502191 1334384900
623343088 1334384900
20322929 1334384900
345559028 1334384900
754428150 1334384900
301159927 1334384900
428466043 1334384900
1912146536 63819713
1912146536 448502844
20322929 1912146536
63819713 1912146536
27195114 842265456
1855221553 445162661
1855221553 499473029
1855221553 204505963
1855221553 577658717
445162661 1855221553
40927173 1855221553
20567939 1855221553
499473029 1855221553
20322929 1855221553
27195114 1855221553
204505963 1855221553
577658717 1855221553
26257166 1855221553
401681146 1855221553
17074714 38467384
17919972 38467384
15846407 38467384
1627098180 1099343106
1627098180 2251251587
1627098180 613536390
1627098180 2210056586
1627098180 313660811
1627098180 85933200
1627098180 430840544
1627098180 460345247
1627098180 953928224
1627098180 597879076
1627098180 630840838
1627098180 301159927
1627098180 1729810986
1627098180 322430638
1627098180 560020017
1627098180 497708594
1627098180 3023429378
1627098180 297099583
1627098180 578121152
1627098180 2499278017
1627098180 142882187
1627098180 417329442
1627098180 2268099925
1627098180 476352094
1627098180 2264809568
1627098180 2182645986
1627098180 575838436
1627098180 1576514412
1627098180 944730223
1627098180 623343088
1627098180 537529330
1627098180 556989943
1099343106 1627098180
2251251587 1627098180
630840838 1627098180
2210056586 1627098180
85933200 1627098180
268414482 1627098180
953928224 1627098180
597879076 1627098180
301159927 1627098180
322430638 1627098180
497708594 1627098180
27260086 1627098180
405785406 1627098180
297099583 1627098180
2499278017 1627098180
525474371 1627098180
750700086 1627098180
417329442 1627098180
2268099925 1627098180
2264809568 1627098180
2182645986 1627098180
575838436 1627098180
583728679 1627098180
1576514412 1627098180
28638191 1627098180
537529330 1627098180
556989943 1627098180
401681146 1627098180
27195114 1665073279
21447363 1665073279
17919972 1665073279
27260086 1665073279
15846407 1665073279
2166481671 3023429378
2166481671 2251251587
2166481671 313660811
2166481671 2359005837
2166481671 1388034446
2166481671 239941925
2166481671 750700086
2166481671 578121152
2166481671 434060997
2166481671 513276614
2166481671 970503498
2166481671 76154571
2166481671 2470596389
2166481671 2809676128
2166481671 3105319906
2166481671 520107371
2166481671 428466043
1099343106 2166481671
2251251587 2166481671
23065354 2166481671
1388034446 2166481671
20567939 2166481671
597879076 2166481671
2470596389 2166481671
319343658 2166481671
750700086 2166481671
578121152 2166481671
2949481539 2166481671
434060997 2166481671
513276614 2166481671
970503498 2166481671
76154571 2166481671
239941925 2166481671
2809676128 2166481671
27195114 2166481671
520107371 2166481671
20322929 2166481671
428466043 2166481671
378200627 2289068064
378200627 380299008
378200627 2774033448
378200627 1032091164
2289068064 378200627
380299008 378200627
26257166 378200627
2774033448 378200627
1032091164 378200627
268414482 509629161
27195114 509629161
20567939 332010249
109062362 43158120
109062362 37836873
37836873 109062362
26257166 109062362
310513836 37836873
20322929 69727029
27195114 69727029
20567939 69727029
487077964 512705044
512705044 487077964
20567939 42694906
401681146 74417000
25084916 74417000
26257166 74417000
415030595 526987103
415030595 597851555
415030595 3085067415
21447363 415030595
23065354 415030595
26257166 415030595
20322929 415030595
597851555 415030595
27260086 415030595
3085067415 415030595
526987103 415030595
1018829778 37836873
37836873 1018829778
847572793 373674498
1202498522 847572793
373674498 847572793
23065354 847572793
26257166 847572793
40927173 847572793
960636158 37836873
37836873 960636158
243442402 555465628
21447363 555465628
17919972 555465628
27195114 555465628
15846407 555465628
401681146 259501194
27260086 259501194
2392048771 2853990785
2392048771 2570083396
2392048771 142784865
2392048771 355131216
2392048771 547163733
2392048771 3085067415
142784865 2392048771
2570083396 2392048771
790743205 2392048771
534797800 2392048771
613572746 2392048771
355131216 2392048771
547163733 2392048771
3085067415 2392048771
124885765 2392048771
268414482 702278061
20567939 702278061
2774033448 2289068064
2774033448 380299008
2774033448 1710489060
2774033448 534797800
2774033448 1032091164
2289068064 2774033448
380299008 2774033448
1710489060 2774033448
534797800 2774033448
1032091164 2774033448
204505963 499473029
445162661 204505963
17919972 204505963
66699013 204505963
95515846 204505963
20322929 204505963
23065354 204505963
27195114 204505963
577658717 204505963
499473029 204505963
268414482 204505963
27260086 204505963
401681146 204505963
28638191 204505963
27195114 543383447
20322929 168532085
23065354 168532085
66699013 168532085
268414482 168532085
17919972 392948290
26257166 392948290
28638191 392948290
268414482 392948290
27260086 392948290
1202498522 392948290
20567939 176204947
66699013 176204947
95515846 176204947
37836873 176204947
23065354 176204947
22536395 176204947
26257166 176204947
28638191 176204947
20322929 176204947
25084916 176204947
27195114 176204947
40927173 176204947
190638943 1099343106
190638943 630840838
190638943 2499278017
190638943 142882187
190638943 3023429378
190638943 953928224
190638943 417329442
190638943 597879076
190638943 462427178
190638943 322430638
190638943 497708594
190638943 132406324
190638943 750700086
190638943 710481080
190638943 405785406
190638943 940186177
190638943 76154571
190638943 37836873
190638943 970503498
190638943 602457809
190638943 452553380
190638943 430840544
190638943 2182645986
190638943 401798886
190638943 320495975
190638943 944730223
190638943 623343088
190638943 537529330
190638943 345559028
190638943 754428150
190638943 301159927
190638943 428466043
1099343106 190638943
630840838 190638943
953928224 190638943
417329442 190638943
597879076 190638943
462427178 190638943
322430638 190638943
497708594 190638943
132406324 190638943
750700086 190638943
710481080 190638943
405785406 190638943
940186177 190638943
76154571 190638943
37836873 190638943
970503498 190638943
602457809 190638943
452553380 190638943
430840544 190638943
2182645986 190638943
320495975 190638943
944730223 190638943
623343088 190638943
537529330 190638943
345559028 190638943
754428150 190638943
301159927 190638943
428466043 190638943
41829451 63819713
41829451 448502844
63819713 41829451
243442402 41829451
27260086 41829451
268414482 1965482005
2289068064 380299008
2289068064 142784865
2289068064 597851555
2289068064 1710489060
2289068064 124885765
2289068064 529050858
2289068064 2598558160
2289068064 534797800
2289068064 801470581
2289068064 3085067415
2289068064 1032091164
2289068064 526987103
380299008 2289068064
142784865 2289068064
20567939 2289068064
1710489060 2289068064
124885765 2289068064
597851555 2289068064
26257166 2289068064
534797800 2289068064
801470581 2289068064
3085067415 2289068064
401681146 2289068064
1032091164 2289068064
526987103 2289068064
355131216 2853990785
355131216 2570083396
355131216 790743205
355131216 534797800
355131216 613572746
355131216 1115598254
355131216 2598558160
355131216 547163733
355131216 1284846230
355131216 3085067415
355131216 898781401
355131216 529050858
355131216 124885765
20567939 355131216
2570083396 355131216
790743205 355131216
534797800 355131216
27195114 355131216
613572746 355131216
1115598254 355131216
20322929 355131216
547163733 355131216
1284846230 355131216
898781401 355131216
529050858 355131216
124885765 355131216
17919972 143697889
66699013 143697889
95515846 143697889
22536395 143697889
28638191 143697889
20322929 143697889
268414482 143697889
7831092 143697889
15846407 2483778283
20322929 331998993
268414482 331998993
27195114 331998993
15846407 331998993
243442402 350602248
1202498522 350602248
15846407 350602248
470649270 37836873
37836873 470649270
401681146 470649270
1583831923 37836873
583728679 1099343106
583728679 2210056586
583728679 313660811
583728679 3023429378
583728679 417502191
583728679 953928224
583728679 417329442
583728679 597879076
583728679 1129703720
583728679 1729810986
583728679 322430638
583728679 497708594
583728679 750700086
583728679 710481080
583728679 430840544
583728679 525474371
583728679 513276614
583728679 970503498
583728679 2268099925
583728679 575838436
583728679 2264809568
583728679 471598433
583728679 3105319906
583728679 77769575
583728679 520107371
583728679 944730223
583728679 345559028
583728679 754428150
583728679 301159927
583728679 2688306942
313660811 583728679
417502191 583728679
953928224 583728679
417329442 583728679
597879076 583728679
301159927 583728679
1129703720 583728679
322430638 583728679
497708594 583728679
750700086 583728679
710481080 583728679
602457809 583728679
578121152 583728679
430840544 583728679
525474371 583728679
513276614 583728679
970503498 583728679
446829778 583728679
2268099925 583728679
2264809568 583728679
575838436 583728679
77769575 583728679
944730223 583728679
20322929 583728679
345559028 583728679
754428150 583728679
556989943 583728679
40927173 75356276
22536395 75356276
26257166 75356276
25084916 75356276
17074714 75356276
47574752 37836873
47574752 193155102
37836873 47574752
185091406 37836873
185091406 70533195
243442402 185091406
70533195 185091406
27195114 185091406
541178538 2342806446
541178538 2684053606
17919972 541178538
2342806446 541178538
2684053606 541178538
27195114 25325123
20567939 548834014
1388034446 2359005837
1388034446 597879076
1388034446 239941925
1388034446 319343658
1388034446 560020017
1388034446 750700086
1388034446 578121152
1388034446 513276614
1388034446 970503498
1388034446 2809676128
1388034446 401798886
1388034446 520107371
1388034446 754428150
1388034446 428466043
20567939 1388034446
2359005837 1388034446
26257166 1388034446
597879076 1388034446
239941925 1388034446
319343658 1388034446
750700086 1388034446
578121152 1388034446
513276614 1388034446
970503498 1388034446
602457809 1388034446
2809676128 1388034446
401798886 1388034446
27195114 1388034446
520107371 1388034446
20322929 1388034446
754428150 1388034446
428466043 1388034446
462427178 1388034446
15846407 1151760060
20322929 425475012
20567939 425475012
401681146 2232494998
20567939 2683587726
17919972 2683587726
27195114 2683587726
20322929 2683587726
27260086 2683587726
401681146 2683587726
23065354 2683587726
15846407 1552293775
188442750 20567939
37836873 188442750
27195114 188442750
20567939 188442750
20322929 188442750
17919972 61859956
66699013 61859956
95515846 61859956
27195114 61859956
28638191 61859956
7831092 61859956
20322929 85942428
23065354 85942428
7831092 85942428
95515846 85942428
243442402 479828589
2295892588 3085067415
2295892588 1115598254
2295892588 448708119
448708119 2295892588
3085067415 2295892588
1115598254 2295892588
754428150 1099343106
754428150 2251251587
754428150 613536390
754428150 239941925
754428150 2210056586
754428150 313660811
754428150 2182645986
754428150 2955526552
754428150 417502191
754428150 597879076
754428150 630840838
754428150 1129703720
754428150 2771935019
754428150 322430638
754428150 497708594
754428150 37836873
754428150 710481080
754428150 3023429378
754428150 405785406
754428150 297099583
754428150 940186177
754428150 525474371
754428150 434060997
754428150 513276614
754428150 970503498
754428150 76154571
754428150 417329442
754428150 2268099925
754428150 1003196635
754428150 430840544
754428150 471598433
754428150 3105319906
754428150 119898851
754428150 77769575
754428150 1576514412
754428150 944730223
754428150 623343088
754428150 345559028
754428150 1232801910
754428150 301159927
754428150 2688306942
1099343106 754428150
2251251587 754428150
630840838 754428150
15846407 754428150
422125833 754428150
2210056586 754428150
313660811 754428150
2182645986 754428150
268414482 754428150
2955526552 754428150
417502191 754428150
430840544 754428150
953928224 754428150
597879076 754428150
239941925 754428150
2809676128 754428150
1129703720 754428150
2771935019 754428150
322430638 754428150
497708594 754428150
76154571 754428150
750700086 754428150
710481080 754428150
602457809 754428150
405785406 754428150
297099583 754428150
578121152 754428150
940186177 754428150
525474371 754428150
434060997 754428150
513276614 754428150
970503498 754428150
417329442 754428150
446829778 754428150
2268099925 754428150
452553380 754428150
1003196635 754428150
2264809568 754428150
471598433 754428150
243442402 754428150
119898851 754428150
77769575 754428150
1576514412 754428150
944730223 754428150
623343088 754428150
345559028 754428150
1232801910 754428150
301159927 754428150
2688306942 754428150
381532375 387949689
381532375 193155102
20567939 381532375
17919972 381532375
66699013 381532375
95515846 381532375
15846407 381532375
27195114 381532375
28638191 381532375
20322929 381532375
268414482 381532375
21447363 381532375
37338814 381532375
387949689 381532375
193155102 381532375
1202498522 373674498
27260086 373674498
95515846 373674498
1202498522 263728592
268414482 263728592
22536395 263728592
17919972 263728592
243442402 263728592
119898851 137131427
119898851 423051148
119898851 710481080
119898851 446829778
119898851 556989943
119898851 2955526552
137131427 119898851
423051148 119898851
446829778 119898851
710481080 119898851
21447363 388613968
37836873 467006212
27195114 25208549
268414482 25208549
243442402 25208549
28638191 25208549
1202498522 335522129
20322929 335522129
23065354 335522129
243442402 335522129
346380094 552025874
552025874 346380094
1202498522 346380094
28638191 346380094
20322929 428634085
1202498522 615547726
23065354 615547726
66699013 615547726
2283907521 199071521
1202498522 1891580779
21447363 1891580779
23065354 470450388
22536395 470450388
26257166 470450388
20322929 470450388
25084916 470450388
243442402 16535264
21447363 16535264
17919972 16535264
66699013 16535264
15846407 16535264
22536395 16535264
28638191 16535264
268414482 16535264
25084916 16535264
17074714 16535264
37338814 16535264
296592861 37836873
37836873 296592861
401681146 296592861
2684053606 2342806446
1202498522 2684053606
26257166 2684053606
2342806446 2684053606
236259337 356549145
356549145 236259337
27195114 236259337
20567939 236259337
20322929 236259337
27195114 224202083
15846407 2302581225
499086313 387949689
243442402 499086313
23065354 499086313
28638191 499086313
268414482 499086313
387949689 499086313
17074714 499086313
70533195 552025874
268414482 70533195
17074714 1064477576
427041696 77769575
20567939 427041696
95515846 427041696
77769575 427041696
27195114 427041696
28638191 427041696
20322929 427041696
23065354 467011312
1202498522 467011312
54590766 98968229
20567939 54590766
17919972 54590766
95515846 54590766
15846407 54590766
37836873 54590766
23065354 54590766
26257166 54590766
28638191 54590766
20322929 54590766
268414482 54590766
21447363 54590766
27260086 54590766
27195114 54590766
313660811 3023429378
313660811 613536390
313660811 2210056586
313660811 142882187
313660811 1099343106
313660811 2955526552
313660811 460345247
313660811 953928224
313660811 417329442
313660811 597879076
313660811 1129703720
313660811 2771935019
313660811 322430638
313660811 710481080
313660811 578121152
313660811 430840544
313660811 525474371
313660811 37836873
313660811 2268099925
313660811 575838436
313660811 1003196635
313660811 476352094
313660811 2264809568
313660811 471598433
313660811 2182645986
313660811 77769575
313660811 417502191
313660811 623343088
313660811 345559028
313660811 301159927
313660811 2688306942
1099343106 313660811
2210056586 313660811
953928224 313660811
417329442 313660811
597879076 313660811
1129703720 313660811
322430638 313660811
497708594 313660811
710481080 313660811
430840544 313660811
525474371 313660811
2268099925 313660811
575838436 313660811
2264809568 313660811
471598433 313660811
2182645986 313660811
417502191 313660811
623343088 313660811
345559028 313660811
301159927 313660811
95515846 242554169
66699013 242554169
27260086 242554169
15846407 242554169
90479668 37836873
27195114 90479668
268414482 90479668
20567939 90479668
66699013 90479668
597879076 630840838
597879076 1099343106
597879076 953928224
597879076 1729810986
597879076 462427178
597879076 560020017
597879076 497708594
597879076 132406324
597879076 750700086
597879076 2956826679
597879076 940186177
597879076 525474371
597879076 948833372
597879076 476352094
597879076 2264809568
597879076 77769575
597879076 944730223
597879076 1232801910
597879076 2874717314
597879076 613536390
597879076 2359005837
597879076 85933200
597879076 1884257438
597879076 452553380
597879076 322430638
597879076 710481080
597879076 2499278017
597879076 434060997
597879076 513276614
597879076 76154571
597879076 602457809
597879076 446829778
597879076 1003196635
597879076 2470596389
597879076 430840544
597879076 2182645986
597879076 575838436
597879076 401798886
597879076 319343658
597879076 2688306942
597879076 3023429378
597879076 422125833
597879076 417329442
597879076 239941925
597879076 1129703720
597879076 2771935019
597879076 405785406
597879076 297099583
597879076 142882187
597879076 970503498
597879076 2268099925
597879076 471598433
597879076 320495975
597879076 520107371
597879076 1576514412
597879076 428466043
597879076 2251251587
597879076 2210056586
597879076 423051148
597879076 2949481539
597879076 2955526552
597879076 37836873
597879076 2264373178
597879076 578121152
597879076 3105319906
597879076 417502191
597879076 623343088
597879076 537529330
597879076 345559028
597879076 301159927
1099343106 597879076
20567939 597879076
66699013 597879076
630840838 597879076
239941925 597879076
422125833 597879076
23065354 597879076
268414482 597879076
525474371 597879076
417502191 597879076
430840544 597879076
1884257438 597879076
434060997 597879076
953928224 597879076
452553380 597879076
95515846 597879076
2809676128 597879076
301159927 597879076
1129703720 597879076
462427178 597879076
2771935019 597879076
322430638 597879076
560020017 597879076
497708594 597879076
132406324 597879076
76154571 597879076
27260086 597879076
2956826679 597879076
710481080 597879076
602457809 597879076
460345247 597879076
970503498 597879076
405785406 597879076
297099583 597879076
578121152 597879076
940186177 597879076
28638191 597879076
2949481539 597879076
1232801910 597879076
513276614 597879076
2499278017 597879076
417329442 597879076
446829778 597879076
2470596389 597879076
1003196635 597879076
948833372 597879076
2264809568 597879076
3105319906 597879076
575838436 597879076
401798886 597879076
320495975 597879076
750700086 597879076
520107371 597879076
1576514412 597879076
944730223 597879076
623343088 597879076
20322929 597879076
345559028 597879076
556989943 597879076
428466043 597879076
319343658 597879076
2268099925 597879076
243442402 98968229
17919972 98968229
66699013 98968229
95515846 98968229
15846407 98968229
23065354 98968229
28638191 98968229
20322929 98968229
268414482 98968229
25084916 98968229
27260086 98968229
27195114 98968229
1630906536 2570083396
1630906536 1115598254
1630906536 1284846230
1630906536 547163733
2570083396 1630906536
547163733 1630906536
1115598254 1630906536
25084916 565885762
328058897 37836873
328058897 552025874
20322929 492388370
23065354 492388370
613572746 2853990785
613572746 124885765
613572746 448708119
613572746 924619922
613572746 1284846230
613572746 3085067415
613572746 790743205
613572746 1261104043
613572746 1115598254
613572746 527131581
613572746 1539079614
613572746 2570083396
613572746 1737110863
613572746 547163733
613572746 898781401
613572746 711963104
613572746 142784865
613572746 322215653
613572746 534797800
613572746 529050858
613572746 43462511
613572746 506762486
613572746 2382862333
2853990785 613572746
20567939 613572746
124885765 613572746
23065354 613572746
448708119 613572746
924619922 613572746
1284846230 613572746
3085067415 613572746
790743205 613572746
1261104043 613572746
1115598254 613572746
527131581 613572746
1539079614 613572746
2570083396 613572746
547163733 613572746
898781401 613572746
711963104 613572746
142784865 613572746
534797800 613572746
529050858 613572746
43462511 613572746
20322929 613572746
506762486 613572746
2382862333 613572746
1032091164 380299008
1032091164 1710489060
1032091164 2598558160
1032091164 526987103
380299008 1032091164
1710489060 1032091164
26257166 1032091164
20322929 1032091164
401681146 1032091164
526987103 1032091164
17919972 463072866
95515846 463072866
15846407 463072866
23065354 463072866
26257166 463072866
28638191 463072866
