Latitude, Longitude
43.04513696, -76.13230021
43.0461576, -76.150931
43.2366057, -77.64688303
43.0461017, -76.1508358
42.42327254, -76.49504104
43.09802606, -76.25350714
43.08637284, -77.48178227
43.08638718, -77.48180185
43.13391917, -77.59000696
42.13566751, -76.89586865
43.13389365, -77.58999866
43.16048658, -77.74421546
43.13376826, -77.59004075
43.1510711, -77.60835344
43.01724761, -76.17297787
42.9897495, -77.40042794
43.1858819, -77.60703337
43.16365175, -76.14553976
43.0150223, -76.1530528
43.0150889, -76.1531283
43.15113175, -77.56823885
42.94089478, -76.54063567
43.19621533, -77.53391868
43.20630946, -77.72227074
43.035234, -76.13928
43.2266465, -77.6383113
43.0151078, -76.1531697
43.12054896, -77.48603387
43.16235319, -77.70082223
43.08648062, -77.48206564
42.07239472, -76.12282431
43.0640537, -76.1375487
42.06444377, -78.17020289
42.59947271, -76.18821044
43.09525407, -77.79281023
43.22727027, -77.72699767
43.20205667, -77.70723333
42.06103613, -76.80782123
43.19347262, -77.58081873
42.91046027, -76.79745083
42.91146867, -76.85781557
43.17806907, -77.56949195
43.144286, -77.643145
43.18437215, -77.5871282
42.21476622, -76.32274255
43.21382906, -77.67066114
43.23358339, -77.65940057
42.43620624, -76.53935342
43.1720605, -77.65358576
42.49734089, -76.47487672
43.03991271, -76.12912961
43.08749082, -77.62591926
43.05922845, -76.1476805
43.1125097, -77.4974133
43.07295034, -76.13749757
43.15019, -77.18345
42.00256987, -78.25201255
42.91253916, -76.87084871
42.5262679, -76.32078549
42.41917396, -76.49690222
42.4216569, -76.498104
42.87606395, -77.29055845
42.9125089, -76.87090808
42.91415434, -76.87078195
43.15215938, -77.63893786
42.59843468, -76.1937872
42.41179734, -76.50014271
42.07029983, -76.73521461
43.23034999, -77.06614904
43.0149758, -76.1530978
43.0149997, -76.1530974
42.99021405, -78.17829688
43.0150305, -76.1530972
43.0149988, -76.1530967
43.03491215, -76.62353851
42.07598653, -78.47473193
42.17521459, -76.85082024
43.21858155, -77.94245074
42.23121217, -78.08977819
42.50107048, -76.28805634
43.0149671, -76.1532567
43.0154668, -76.1535315
43.19382698, -77.78674129
43.0320864, -76.1484066
43.21231443, -77.42649384
43.21231443, -77.42649384
43.0149749, -76.1530966
43.0149715, -76.1530958
43.10632599, -76.19449583
42.0591009, -76.81346783
43.10626709, -76.19421409
42.07868061, -78.44733183
43.12624998, -76.21054167
43.16101714, -77.61067496
42.21892078, -76.18723797
43.21337891, -77.45090588
43.18471731, -77.56330328
42.77265479, -77.71083473
43.19101705, -77.50526531
43.00238755, -78.17712883
43.00236652, -78.17713553
43.00235926, -78.17711713
43.04676393, -76.0858072
43.15989124, -77.60385867
43.09750248, -76.18634203
43.02617835, -78.22739496
43.29660302, -77.69500799
43.0466058, -78.27002441
43.11779236, -77.48294487
43.30811423, -77.91091039
42.16514465, -76.830369
43.30814356, -77.91097518
42.80048835, -77.81738344
42.092427, -76.8094925
43.11774918, -77.48288783
43.20959099, -77.96925713
43.15583069, -77.56269704
43.15583103, -77.56270081
42.92122569, -76.27963931
43.15583818, -77.56269258
43.15601732, -77.56255214
43.15609878, -77.56252525
43.13781974, -77.5945705
43.06174061, -76.11996066
42.8408393, -76.99183496
43.15589935, -77.56260828
43.15579417, -77.56268394
43.15594004, -77.5625911
43.15581, -77.56268777
43.1901761, -77.5463002
43.18721001, -76.10145611
43.0150944, -76.1530771
43.0150675, -76.1530728
42.561929, -77.0906939
43.0150563, -76.1530893
43.20509702, -77.55337055
43.21262603, -77.94888659
43.0150701, -76.1530723
42.8902355, -77.2795895
43.2265112, -77.6384558
42.88176645, -76.84994539
42.90988691, -76.86306563
43.015062, -76.1530787
42.8158821, -77.6710841
42.25517442, -77.79895737
43.0150598, -76.1531581
43.18399126, -76.62743581
43.0150378, -76.1531446
42.99519549, -76.74108655
43.0149627, -76.1530254
43.1459452, -77.6491479
42.08597403, -76.97077475
43.1963397, -77.5338773
43.13778779, -77.64613126
43.016556, -76.251995
43.0150069, -76.1530973
43.2265599, -77.638277
43.0150912, -76.1531919
43.0149725, -76.1530969
43.02039492, -78.49806908
43.09991765, -77.60967548
43.04721748, -76.22962852
43.17998707, -77.58337487
42.91362104, -76.87054734
43.04221932, -76.13882944
43.22534095, -77.54616808
43.075833, -77.44526826
43.015033, -76.1531186
43.015075, -76.1530732
43.10914889, -77.48134078
43.0151108, -76.1531739
42.91173432, -76.8578556
43.25463452, -77.6966465
43.0149714, -76.153097
43.1244191, -77.5664372
43.03470035, -76.58470245
42.162543, -77.078015
43.04583784, -76.14265794
43.04827705, -76.13521466
40.331906, -76.393308
40.261075, -76.880236
42.981853, -77.676017
39.891545, -76.625541
43.107021, -78.789971
40.100936, -76.305381
42.918212, -76.800801
43.141959, -77.728238
42.243114, -76.519554
41.093538, -75.061223
41.093538, -75.061223
43.1012, -76.208962
43.128678, -77.575929
42.711798, -73.880026
40.459647, -75.286992
43.051749, -76.254401
42.918039, -76.800886
42.917968, -76.8006
43.125406, -76.231649
41.643041, -80.207813
40.350018, -75.650878
40.142824, -76.568801
41.666218, -74.028206
41.221669, -75.899008
40.348848, -76.695778
40.142822, -76.569097
42.18624, -77.14149
39.997724, -75.772916
39.997631, -75.772872
42.153091, -76.827802
42.561688, -77.090625
40.220417, -77.186672
42.096768, -76.813163
39.997784, -75.772978
41.787392, -73.682142
42.081546, -78.483681
39.969637, -75.884325
43.150875, -77.412924
42.919507, -76.943837
40.270004, -76.90657
43.099847, -77.610198
42.788719, -75.560284
42.661726, -73.790729
42.092934, -76.802003
40.067508, -75.304936
43.070715, -76.136465
40.583531, -76.925479
42.447972, -76.480208
40.077819, -75.7394
43.070701, -76.136502
40.285596, -76.947444
39.890044, -75.723587
40.07952, -75.987703
40.142976, -76.568924
42.137392, -73.696166
40.833858, -77.810557
39.823791, -75.461552
42.685329, -73.825182
39.980306, -75.838364
42.561746, -77.090673
42.561813, -77.090626
40.081588, -76.333433
43.070685, -76.136493
40.513106, -76.103664
43.07074, -76.13653
43.10404, -77.754969
41.690414, -74.730942
43.070714, -76.136503
40.71729, -76.709636
43.07069, -76.136539
43.120017, -77.790832
39.783036, -76.561253
42.924943, -76.554128
43.086422, -77.668168
40.212436, -75.453857
42.673035, -73.743051
42.672823, -73.7435
39.83328, -75.886443
39.954818, -75.55735
40.038012, -76.349907
40.066612, -76.565049
42.88166, -74.84497
40.23869, -76.829818
40.99386, -72.129463
40.993851, -72.129444
43.236785, -76.503757
39.780085, -75.920677
43.153639, -77.610913
43.153681, -77.610913
40.513097, -76.103606
41.237921, -74.015466
41.237921, -74.015466
41.23792, -74.015465
40.068583, -76.703649
40.349995, -75.65111
41.261943, -79.484835
43.123675, -77.623815
42.420459, -76.497366
40.262937, -75.398755
42.97847, -75.011834
43.070605, -76.13645
40.255101, -79.856355
40.234208, -76.945957
42.924586, -76.554084
42.864681, -76.993824
41.036704, -78.399595
42.79743, -74.676596
39.9782, -75.313682
42.797227, -74.676598
39.866728, -75.446456
41.787232, -73.682173
39.921953, -75.53166
42.797423, -74.676403
41.349615, -74.592495
43.070893, -76.136778
42.926083, -76.583464
40.130463, -75.127442
40.107569, -75.113313
42.592164, -73.51628
41.854358, -73.874272
42.684052, -73.820868
44.978174, -74.713822
40.744022, -75.348499
43.08108, -78.874183
41.992355, -80.268598
40.129716, -74.849433
40.103138, -77.061459
40.213383, -74.813043
40.115909, -75.146382
43.227969, -77.71459
40.213451, -74.812878
40.160197, -75.20532
40.44457, -75.884947
42.761196, -78.83584
40.238821, -76.830382
40.103145, -77.061473
39.990209, -75.578389
40.117489, -74.914534
40.117489, -74.914534
40.276046, -76.968262
43.124205, -74.929416
43.083466, -76.150286
43.10038, -73.629662
40.269963, -74.950774
40.707025, -73.98677
39.958963, -75.264275
40.588357, -73.752074
40.103136, -77.061452
43.099553, -74.775096
43.025927, -76.278344
40.292469, -76.633236
43.205785, -77.584717
43.144352, -77.643445
40.094569, -74.924812
42.561852, -77.090577
39.961325, -75.278583
40.002055, -79.817849
39.915462, -76.631774
39.950576, -75.257088
40.383123, -74.96086
40.230378, -75.367692
39.729328, -77.206208
40.677599, -75.287151
39.949415, -75.266132
40.09646, -76.619159
40.078095, -76.585446
39.979515, -75.28681
43.212622, -77.597702
40.077939, -76.585468
43.044693, -76.150087
39.977417, -75.311531
40.253364, -75.266464
40.688199, -80.240202
42.812396, -74.598
39.883737, -77.588014
39.991212, -77.560737
39.835699, -75.708125
40.120179, -75.570824
43.175851, -76.34201
40.990199, -75.458431
40.25604, -75.263799
43.077872, -77.554544
41.398631, -74.428706
42.998664, -77.504662
40.265698, -75.083693
40.08402, -75.162666
40.300961, -79.681437
41.756851, -74.821314
43.075704, -76.082775
40.078961, -76.272476
43.132456, -77.712258
42.267752, -77.60572
44.28986, -76.032593
43.132419, -77.712334
39.729471, -77.206247
43.437793, -73.706275
40.714051, -75.259243
42.987296, -78.121964
39.935616, -80.071708
43.011894, -73.789995
39.890972, -78.04437
40.256548, -75.954456
42.018573, -75.905694
40.229889, -76.796029
39.923651, -79.839342
44.942861, -74.80609
31.569156, -84.156411
40.594959, -77.099653
40.594775, -77.099626
39.971465, -75.734025
40.084143, -75.162985
42.568148, -71.159524
40.140179, -76.342194
43.130332, -77.484636
40.231741, -76.943321
39.812796, -75.913857
42.720057, -71.155492
43.183249, -77.588821
40.127863, -75.080566
42.691661, -71.165555
43.207927, -78.681523
42.667736, -73.673901
40.261605, -75.953313
43.13009, -77.717208
42.902691, -76.833875
42.902672, -76.833854
40.461823, -77.806694
43.085623, -77.579466
42.429524, -71.190721
39.742354, -75.54447
40.2565, -75.95445
31.569991, -84.150246
43.136162, -73.665971
39.991983, -75.426915
43.139272, -76.223523
39.898835, -76.77151
39.99195, -75.426925
39.980159, -76.689054
39.99216, -75.426828
43.183417, -77.588316
43.080634, -77.681931
39.980527, -76.204934
39.980486, -76.204882
40.070953, -75.344382
40.501435, -78.412842
43.080643, -77.681928
41.212872, -76.074272
42.092093, -76.790957
42.092036, -76.790857
40.509187, -78.419975
42.597913, -76.18157
39.935462, -75.605499
41.476123, -74.004141
43.170535, -77.5846
39.88403, -75.391858
39.950042, -75.615977
40.129731, -74.849436
40.239689, -74.964671
43.169947, -77.704887
43.011493, -76.146892
39.828904, -75.809992
40.129731, -74.84943
43.17645, -77.631265
40.000504, -76.649304
40.00049, -76.649427
42.658815, -73.783163
42.594794, -76.193813
39.971341, -76.307032
40.241417, -75.546878
40.681033, -75.723977
43.085407, -77.57648
40.216261, -74.829408
40.216106, -74.829212
40.216167, -74.829266
43.231188, -77.167493
43.186658, -77.587151
42.690235, -73.835574
40.003046, -75.230895
40.058095, -75.101225
42.224425, -73.810785
42.663027, -73.7801
40.129767, -74.849499
40.070804, -75.145779
40.187096, -76.679955
40.246309, -76.794035
40.090489, -75.287449
39.981655, -75.284986
40.129751, -74.849416
43.02444, -74.423737
40.120253, -75.570925
40.25606, -76.853493
39.821436, -77.267299
43.143897, -77.574799
40.206397, -77.459272
43.015049, -76.153083
43.015055, -76.15309
41.041047, -75.206571
42.996229, -76.111253
42.901613, -78.490733
43.507752, -76.08837
43.155393, -77.604842
42.597709, -76.189149
42.254615, -77.798489
42.325085, -77.667425
43.163627, -77.628424
43.163627, -77.628424
42.25463, -77.798531
43.136408, -76.373
40.31636, -76.006697
42.927227, -76.553403
40.491952, -78.39326
43.96883, -74.145633
40.907757, -80.362857
40.252044, -75.125153
42.261177, -77.787949
42.645692, -74.320201
43.155516, -77.581812
43.148118, -77.593866
39.866679, -75.446564
40.224701, -76.51296
42.914409, -76.219585
40.112822, -77.023848
40.112765, -77.023815
40.731647, -74.016985
40.75962, -80.373386
40.027238, -76.741228
43.070868, -77.41266
41.971932, -80.000662
42.013787, -79.52695
42.776284, -73.671019
42.778279, -73.633147
41.256878, -75.808689
41.971914, -80.000603
43.13405, -77.639462
39.904336, -76.727479
40.757668, -75.208859
40.719051, -75.217403
43.148014, -77.59424
41.093497, -75.061165
43.185867, -77.610844
43.651066, -73.800634
41.904507, -76.390902
42.344437, -77.328007
42.528778, -79.012224
42.528815, -79.012137
40.744022, -75.348499
43.08108, -78.874183
41.992355, -80.268598
40.129716, -74.849433
40.103138, -77.061459
40.213383, -74.813043
40.115909, -75.146382
43.227969, -77.71459
40.213451, -74.812878
40.160197, -75.20532
40.44457, -75.884947
42.761196, -78.83584
40.238821, -76.830382
40.103145, -77.061473
