268414482
1202498522
499473029
492719258
445162661
868166857
625955583
1855221553
577658717
1202498522
1115598254
20567939
37836873
22536395
25084916
23065354
552025874
15846407
448708119
43462511
2392048771
924619922
1284846230
790743205
898781401
322215653
529050858
2853990785
1737110863
355131216
142784865
3085067415
2570083396
1261104043
1115598254
527131581
1539079614
506762486
711963104
2382862333
547163733
27195114
199071521
21447363
37338814
256729520
17074714
21447363
1202498522
28638191
243442402
20567939
124885765
26257166
534797800
529050858
401681146
40927173
522656150
268414482
512705044
485150248
55923497
511337266
7831092
385632826
892330688
1099544911
574808147
1663791319
243442402
17919972
458719985
20322929
448502844
63819713
458714880
2874717314
20322929
428624331
66699013
2208303137
301159927
319343658
2166481671
497708594
132406324
750700086
2956826679
940186177
2949481539
1627098180
345561169
527813705
2757237401
710481080
412393560
948833372
2264373178
476352094
2264809568
439811344
77769575
944730223
1232801910
613536390
2499278017
630840838
2359005837
1884257438
76154571
452553380
95515846
322430638
525474371
953928224
85933200
874674210
602457809
2470596389
430840544
2182645986
401798886
556989943
446829778
1129703720
754428150
2688306942
27260086
1099343106
422125833
23065354
513276614
2251251587
417329442
560020017
434060997
588581639
520107371
405785406
297099583
3105319906
142882187
970503498
2268099925
423051148
575838436
190638943
2809676128
471598433
320495975
1576514412
583728679
603104632
428466043
1729810986
2210056586
313660811
239941925
519623053
1388034446
268414482
2955526552
3023429378
28638191
37836873
460345247
578121152
2771935019
462427178
417502191
623343088
537529330
1003196635
345559028
26257166
43158120
1202498522
2342806446
380299008
26257166
1581777062
2774033448
378200627
2598558160
526987103
1710489060
401681146
