565825664
636475008
914919426
981316459
423829895
1966550024
98288395
469857678
1015590925
1274269710
220082832
525979025
552025874
498005507
512705044
465925781
522656150
499875609
169908888
450136473
1255090074
498574109
620449682
333033057
470474672
1042679202
552243491
715377444
981558470
163603976
513472551
485150248
55923497
913848618
142564523
629990064
608772903
511337266
326437046
760329144
385632826
594159675
1622109626
367531563
2456421573
1688927324
844423393
1451743897
369431497
371525495
1036431948
606506789
1099544911
54628265
574808147
2349532302
915904854
1663791319
1053611172
361006298
1007709403
952415196
2235212593
2194405983
67807585
463355138
1534506811
1035147044
478802791
190507559
842950951
69369069
380146030
458719985
2266265842
102880115
896479477
2416660598
305387113
20291704
142858105
217551739
1031643260
2359975549
904820606
144701081
411661959
43158120
241742453
57213267
56503317
62895511
630173720
88583033
93013439
146555827
16907839
407387650
501958160
2725941287
713639469
1944255025
1708091448
790447682
500269128
604257362
452445782
1544742500
2183065187
2392438372
1957696614
387317873
631677559
2780625016
2251367040
2522594954
570436235
2297685135
2428074437
108739744
385163206
257531561
435411116
2180955827
1217451715
868166857
1643342540
2852837110
630653139
260224728
349790955
1447240945
1918191858
35006196
379303158
629822761
1489111800
2513775744
714701058
1084039639
598842131
524774676
1697352474
397691696
745746216
2421293353
1064749357
1686252846
3032998192
1855221553
979502900
744253236
1210395458
623368524
591926606
1115341652
1203016026
404457824
883274598
195906928
587010419
330411395
1963752324
626231697
495488923
867323294
809620393
620460970
585771506
450288046
900664734
1343254970
2450693565
2725549216
2240889797
1651843526
1201978314
546405324
1332619734
626155479
1491190248
323831275
622902254
610890738
2612828150
541236730
338749436
624168445
423754497
499506562
405335467
358262280
293263081
243682059
30802729
2278515342
424461039
2258633613
864764978
344298963
413640873
2668459511
366983544
226407481
344507675
271098812
2322869181
483350686
322559864
322197993
933243858
1518239424
509234690
528007787
1198666884
2866563975
486077832
414731283
737527214
706272793
846273690
558183707
578521628
492719258
878031518
1099189412
564205486
499502378
629777235
1051368876
1682330797
956523566
518914223
1078107824
1855221553
617763635
962890676
616466741
552249526
1600256695
1051785272
1215653690
1593510206
1510530624
629892417
517124034
406012230
553409223
868166857
612155575
624128335
384487504
2869742162
2949928403
1368037332
2174933943
611399376
1041185118
2826570849
574738021
858764006
894396318
340585450
1255832683
416356077
1316912622
627085167
1238046578
2177295251
1103821687
739670904
552762196
548092284
969225853
630840838
564547082
1099343106
266205198
2809459215
953928224
2208303137
874674210
1613055014
583728679
319343658
1013719602
132406324
750700086
2956826679
940186177
525474371
1627098180
527813705
345561169
448570450
412393560
1170793050
295519759
2264809568
2224371598
2380940396
944730223
1232801910
733709443
896221320
1355595372
2757237401
343673517
322430638
471502518
710481080
2499278017
475003587
434060997
513276614
442800930
602457809
446829778
206735576
430840544
575838436
401798886
426278120
542055156
754428150
346908921
316034811
458714880
456253698
588581639
944742152
422125833
48772376
417329442
492220708
239941925
1129703720
2771935019
874018092
497708594
405785406
297099583
970503498
2268099925
369230174
190638943
320495975
1576514412
763923823
428466043
168019325
25419649
1093363586
313660811
519623053
1388034446
2949481539
917791675
578121152
615413697
1431947720
428624331
327525842
197150676
3105319906
543585254
417502191
623343088
608330739
345559028
301159927
445107456
321695746
1576457221
581359625
1578820622
563232346
379535904
794559523
551295524
1136308782
37806140
381244482
623988804
1105018442
634102864
550550618
408035426
1460935268
323583164
3083041900
506478525
741870194
186176115
734138815
855441020
367549291
356545157
524901484
862215307
32073370
554639471
336950952
706164396
414780597
269416820
447195834
833458364
19123917
93093584
2873282769
548047065
961161438
579522273
848248956
631360234
1409140975
448040403
346990377
324634361
901044990
519013120
446365953
713068802
418308874
1222989086
1563090210
519472419
78757161
566539568
358742339
2560164683
896323916
279713101
502264147
844722013
863317860
506007915
1084659570
2336190836
727069046
449098615
65953149
535787905
566528902
715981195
436929932
460736914
550549910
1488735649
764281770
435318717
410258367
620934082
570256324
43793862
452719559
41669073
45912531
547381212
186716637
137502177
310953443
617768433
506023922
269414392
84293891
378782606
357357585
497517080
375258650
356939550
360111263
285270432
378248737
824052642
128077092
543770793
259024554
904073772
310640433
376537523
212639646
551868601
610216251
570374716
1691997344
360199874
462544711
379881672
554567889
401442135
360220636
765870560
193483879
30163830
417554680
559872889
230318586
493159295
42704387
2686628156
160685341
29151815
517910107
598812451
1140254340
516078181
564152614
1117841480
164923364
1112219306
1059087631
549364099
219838423
1040460516
2844271771
441238940
2560537482
377199941
384562092
1115598254
238909040
1370986902
1941309402
423887744
415201728
626036610
415246595
415594377
520578578
455813396
338075669
354063383
750560408
69075737
758147994
412786972
2915706526
415646751
593756067
33405004
415238577
800995892
2242675486
505271863
174050233
414338618
586893855
518144914
52992588
494490825
131635275
243400780
305278926
399739218
572752867
419732182
416737849
308068952
1118237659
383905757
43226720
570803297
416756963
405275751
415743591
416755949
558807406
376361457
355718005
415169275
736940546
460786694
443077131
875406356
1255519772
636446042
2261423649
1059232808
635823153
1559700018
936074803
1011951672
759563833
554851900
284631104
842746442
429042253
335594076
1198186080
1255643238
1959744103
705358955
1512080502
1023008887
1480482426
1110344828
756636288
2161489003
1228542600
926445709
635498126
542994064
633382547
2414277780
2704502941
484536990
1036332211
592229049
1885033674
38955720
785192137
1961749706
610426571
835543248
1049202385
703983314
1273580246
632544473
2487583354
854764256
1260573931
706086637
502311666
862337268
2452835573
577620218
2324064516
921883405
1582338318
1064503580
870960932
874521384
421879084
2269948717
2669137199
1062116659
757800757
178747189
1076737860
629752140
480854863
1110458712
750418266
1041310046
755678048
1069713776
524897142
867058555
1212932478
870961549
781678993
1639691826
543088020
993794454
790710684
629739955
928911284
554698685
902715326
122475455
622041741
797476297
525845452
925961677
2147847631
878738384
905136086
722465240
378902489
787667419
1311347707
120924248
29601300
128968791
1666658816
2853990785
342207362
398872195
124885765
2772186375
2308834569
448708119
526708876
450019094
928830740
1284846230
898781401
1129631515
832354844
909260742
1576684070
2170237095
1261104043
1115598254
2468077335
718447032
527131581
1539079614
526603968
589471734
472290758
787569889
2323065033
866434508
2959684943
907084112
547163733
1122577369
501330782
355131216
142784865
351842402
47000551
534797800
1210473577
529050858
337839335
394450798
629851375
506762486
1032985080
2764447738
2382862333
454406529
338821506
348510086
325256897
961595528
355688236
274798551
245441154
374290960
331790872
407439891
300981322
45045013
49526539
238184215
2584903832
351889564
229702530
328743584
713644449
935903071
902928091
1549473572
320830248
487897898
440513549
803141384
194295087
2152791856
358972768
385056179
126768397
255050910
2678650189
342539451
385159868
2155267018
1051926078
410454335
401620491
319174849
399048642
427927619
456402425
448444382
391831626
2322457419
42140537
351319245
335721101
336900304
2741189074
24522712
439468373
307708546
256276567
348186575
393134427
369768796
331811165
2324839006
430349285
606653152
376504309
376599375
380679651
292706788
384869344
32263015
385199640
291417703
333176791
350607853
620644463
383954645
370799987
384481397
464090315
327147210
35496441
374030715
382221181
619129599
517996930
2992176131
314687376
320589202
2399677715
976308373
364061206
118532518
463057066
826467518
799520450
1628542152
1514080592
27729016
248966226
1297229780
572598621
325294047
1031113188
102604136
397031920
573893105
481662712
347642364
41515906
175161093
906114440
36916887
1499026446
1849116434
78934295
364260508
481476058
181865840
15146402
2163401389
213172654
18512945
902284855
298399162
1050373436
1455012414
40927935
71589058
367871815
2850371916
898815818
2436167479
27978188
536868045
1072447184
90627025
95800666
1643321820
853077090
529768429
37372143
101806448
1671676146
1459676408
1265393791
191677890
1152892278
54311808
820238852
2206579463
2806062764
2204657295
30042259
860513173
2869529112
603183771
1056574364
3065071521
167747362
542993703
3058278185
345425707
280165036
360291758
2715151861
1275901892
238750030
35205968
445870236
273192537
495477072
1564521842
838084981
1641778681
2301900949
752171216
724584410
47263943
565008459
779140812
34455054
263812624
556067666
70280846
486870999
88739290
114026463
30583536
389006301
56401695
83049224
510882732
1016422922
1317206286
158633495
418780440
765177541
357752225
298733346
1087535012
284882396
559887276
2237532461
961695709
1165999664
1252995380
618447029
1365884726
365694136
489016768
1170332100
311115333
356605896
364434508
602905291
794272716
545735504
2245826770
459741651
1333122649
824073308
302270557
228073954
516020203
719699801
945067890
331901556
468631799
267557635
248817704
329331562
234229091
289033710
229560328
213979603
181213166
320306635
42480383
473616769
1261104043
506770693
352618886
352497031
31479945
473428887
358779404
490546189
297557134
502243006
799694611
423877140
1284846230
464298647
604125057
480023194
1637162863
349798174
446829727
493549728
3068097059
473595812
783535525
331210161
257946920
142076203
449602348
1084596013
1115598254
2334771887
1064600264
2843741619
1623897654
593230394
1695717066
1539079614
1068282613
417662402
2570083396
475597000
787651146
1667473998
983820751
355131216
104270968
574885330
925719763
547163733
448708119
180596311
362827736
898781401
543023834
43462511
295266211
435222622
711963104
142784865
633044454
500846033
346843881
58347882
2156419563
962518638
152353647
231618677
506762486
770713976
715142522
529050858
2307936641
1014432517
1198156044
498139918
2223974032
257276177
466139543
935883546
1597444830
91919909
2202637606
2479110827
3047702197
296577212
467815052
720538956
411154004
2448192725
2292613593
1033416284
1534837598
2902933101
476981231
1046143866
90739452
74186371
2204238294
76606858
130383755
2852299532
2572259341
1610484624
27073681
2214273170
2162172565
127059178
191957534
494470066
257263522
27930659
119111336
41127772
75858610
29660848
956087858
20045107
20751006
1974749239
2161064761
752761530
17625147
72078908
271117621
1627636034
194254532
609798902
316136649
744835658
25480525
531842254
2562568017
2164233938
575334115
1967116500
84685398
15652824
18719963
711102556
82218170
2152801789
4341601
1972850658
79538403
16860648
2974914282
275141739
1215373038
2405196029
268776948
30420469
1252809846
25286008
55575039
587145450
225225365
16651784
256729520
269122042
339504540
2769514053
137194112
53229184
349986580
275318820
2152090671
498169780
473481270
235304634
358339777
970065486
95583188
606722135
290318552
44278361
318531170
875536123
73759845
363452394
89460075
437787512
2434675707
143203562
277021183
825625861
3081303703
454234645
395018519
457552545
101958180
276261031
256729520
725001672
178179510
430009399
580145083
348284221
480701122
1975527368
2973605668
490744927
34617830
356286699
515432815
459870577
495414643
445933045
1904443129
87585275
406682749
346332418
48763478
190741254
1232943752
439726858
405682063
2828543897
409576866
385672108
536561595
412749244
404783422
390169670
851513544
186683212
30478670
114752085
543035094
457093338
2848909920
2397503585
2207489764
342686952
530894701
614679920
365874673
446556793
63819713
323003779
142408333
62478803
212601197
185936755
68458648
254204761
37512762
521664778
380299008
451669892
124885765
328092681
387812109
1291431566
340422671
617620115
547209748
623882774
1656692012
477253912
772733210
914862108
136143130
495466142
1255421856
3068592987
2342430117
1581777062
2774033448
1029559850
184975020
36977197
327715731
378200627
603389214
2230113718
500272570
526987103
1051302973
495477822
2782024769
507958212
479001014
594837932
346928714
2169422800
355204945
436099543
2601794266
511319567
575733861
368131426
1710489060
348107365
350948455
534797800
2262025706
419605875
840888300
395604845
288244669
1237390099
352070956
1838580030
1201824554
532325477
293712481
516025698
870472068
509107525
28414152
170930826
374135598
118549928
436169813
61653114
834312606
112101797
582525984
367610891
35211557
358142507
563393239
1099544911
68457008
511337266
610943863
512705044
211957109
522656150
372617751
385632826
1037754846
512331551
63819713
1539297156
241605608
243698505
206793231
504848625
1429030141
467946101
1611559992
59291194
117627763
596916861
287454650
458714880
630840838
600691721
490034861
2959207856
322430638
953928224
2208303137
1027669027
760772647
319343658
1353102379
505281581
497708594
132406324
2956826679
710481080
940186177
2949481539
1627098180
419584780
953741383
527813705
345561169
412393560
2264809568
775933034
528961137
2293081202
606002707
733994612
138532981
1232801910
711621752
963151484
522771582
701944962
757500547
1714200708
583728679
630364825
470848667
434060997
531754147
513276614
324609649
577551020
339273901
460511406
525474371
762176184
806034618
2470596389
2864905479
561528005
2839677638
460445906
734422051
312919765
622119639
2959282393
592357594
452388571
508009183
430840544
575838436
401798886
523833895
446829778
552228648
29889778
754428150
349891837
1247150336
1099343106
588581639
766075656
422125833
342988556
513374990
439811344
519551252
624231190
588572804
377970394
1126899998
417329442
239941925
1129703720
2771935019
434591033
1325785914
219349821
405785406
297099583
970503498
121325902
386954068
1043130198
190638943
1158672229
429454698
520107371
1576514412
503059823
603104632
428466043
313660811
519623053
1388034446
523863441
1235932051
589566359
69732260
301159927
304049071
617700784
100429242
565755837
578121152
593073094
428624331
93029343
438986721
3105319906
345096679
576481191
417502191
623343088
345559028
434570231
468904442
801197864
30689132
101606511
257556019
94742388
85945048
347511808
97102337
899864066
1447615495
327131656
3025251346
514779158
388509207
455450143
185290277
301078057
405798456
547795514
979630140
2182380298
419222084
392966726
219850829
369770582
275254876
563206752
2381281916
333132902
447638120
329828971
331433068
1183713901
794125939
279695479
70864508
469355135
3027158656
822225542
2770265223
542075532
251923090
475907223
402761882
1050873506
184775845
3178544296
204566185
1239360684
2306334381
80894638
853433010
297489353
282844347
371244737
199533766
1070053063
502576329
2796375252
322287327
406583522
970499815
421543145
32764138
2438130927
517014057
232696063
171216128
439502596
378770698
516144396
1707970320
251917587
1703682841
1397893404
356722462
465992998
249470766
476215089
1730677554
3035364663
2987318073
260521794
329777479
74020322
192646479
326458707
1646697313
375399268
2167385451
944465774
223712829
126826868
541373817
195386746
462409450
519013760
262441858
376507270
2211482001
102469013
2689794969
128885402
162395551
286487459
229978023
2178186567
795070405
263991241
88763344
149961177
802875362
587684327
835631592
315527663
447576560
2959482357
311995902
321525761
21499906
406487433
504778643
332394394
2389867938
381282595
386262309
806857638
325838892
1212383791
486907187
270712713
2305656764
361600183
320855886
403900111
134345685
242534363
288563813
410997052
339221231
352701306
464364540
2334711940
2193218949
2904393479
1223452140
1222199053
1921834255
1104912144
2857454610
70744964
1470548118
1481209782
627021977
341018778
237946397
633563679
235638433
621347491
789861446
348273575
1367101226
526967851
2342806446
981567024
58802625
1099776180
1031905974
1095033019
2318210238
940336831
1027753434
619109441
417829955
2337696950
1140894278
980633928
2372344635
1556665039
518885201
2768336995
1097098452
500964440
2181020506
431230306
504875619
132286436
3055714149
2410228841
622946666
720816483
2379617900
811288045
532707950
2685884274
551530750
1110200438
724583455
867167227
818476285
1325950718
380299008
437942273
887889936
288979730
39567894
626120861
2319414302
348652869
372267172
1581777062
208182951
466973736
64594346
178211504
378200627
356306718
472670392
354417978
2767105211
1720631484
1635904063
1378447040
1206318277
289070158
455299920
1004610517
97955542
1710489060
526987103
409283131
2324932196
415303017
364575595
112763631
2774033448
1205765114
188445695
