1855221553
868166857
1115598254
1261104043
1284846230
1115598254
1539079614
355131216
547163733
448708119
898781401
142784865
506762486
529050858
256729520
124885765
534797800
1099544911
511337266
512705044
522656150
385632826
63819713
458714880
630840838
322430638
953928224
2208303137
319343658
497708594
132406324
2956826679
710481080
940186177
2949481539
1627098180
527813705
345561169
412393560
2264809568
1232801910
583728679
434060997
513276614
525474371
430840544
575838436
401798886
446829778
754428150
1099343106
588581639
422125833
417329442
239941925
1129703720
2771935019
405785406
297099583
970503498
190638943
1576514412
428466043
313660811
519623053
1388034446
301159927
578121152
428624331
3105319906
417502191
623343088
345559028
380299008
1581777062
378200627
1710489060
526987103
2774033448
