93975949 401653344
344480528 68603410
1520589512 1905628531
831813589 454417592
369311753 276322466
206353121 322264283
423811370 1357008080
2213298486 961717568
551986195 563714886
430871596 47029506
215168170 299482358
272735718 1260468560
45973947 24957185
47181427 295326304
88260578 1228456196
581049463 992230176
430730629 453670164
368591843 497485281
589036024 335080259
414015147 260912906
114503297 116818753
851676547 123081520
911488496 501466384
334993383 428716488
238841423 132695835
240532558 273439057
72039680 322881012
23221573 17701258
1279133370 465272705
335316454 807903637
366158809 522840225
325838892 58611305
127644216 329122371
512414126 221875816
295437154 394450745
467002258 498132390
108739744 1332619734
459482015 1652557520
148810506 943700616
34122995 323507329
1564649071 293823442
306750815 319172072
1661031768 1318998230
558807406 1308825092
67955985 116818753
67648980 278789662
213117283 85296016
393023176 582361960
455001380 412746336
423881529 443076922
292048109 1296553464
34299571 17155112
561543125 167572364
827328572 961717568
347665020 375433504
75878538 308757634
69319403 233825372
577198255 1348013784
356923702 941790067
365140095 109022780
367498866 252867450
525876398 401465222
363992028 201714656
210593419 246851168
76150187 384612576
254103931 547178050
574073857 49564619
314960563 32992976
236601110 973176920
80971945 15498115
758222478 822124153
1034703540 446740993
136406091 338794529
364321254 585981766
348910177 245069312
366470233 231354049
48375970 480041072
27542462 132370643
36191371 50658248
997530745 24710191
68887842 258396481
463372852 304572347
279545751 225930992
259047972 164338144
67950356 79038400
30263071 112190567
242357301 851676547
14570002 9154112
479866415 172179970
253725789 131676448
389836845 397406176
369806207 767671494
340947821 369674803
1072802917 857624864
249788462 600223890
273648303 274165784
223270654 1301923104
15684468 112190567
517028301 571092320
963436962 30729730
179367025 2167109222
2163366208 1411750597
911378420 204505963
24218754 2227635734
493072051 272898886
330119965 376840589
623233984 417443042
35553839 539665464
1242357162 461453859
264971478 567419455
33227152 548156770
399128820 293257700
75631257 551413253
716268529 482526529
1049536556 355019139
342534677 333682242
26530765 55438857
556349059 554603810
228184610 21000267
449267598 634191272
258252111 384612576
489868526 831641730
480828212 517996930
57791944 32963201
349502658 276736041
515861956 623233984
18464294 444786520
321128605 354710136
231914688 208182017
480167596 497992897
488032805 914919426
375206964 33704280
794929128 40378935
304596693 385663690
412699123 409295172
29619340 114503297
473428887 306939522
290254688 928913940
167944910 283209316
492511146 744516096
475519189 1426913568
309746544 276281922
11007392 276322466
61816752 361649920
229543124 740003864
593266877 524866597
962783418 157823808
342241389 15744024
212043127 409762936
42190092 462979589
1830358836 404461584
9484602 268097184
33651156 25860824
776598733 915477506
340758331 473616769
478328583 52865666
583460808 726923899
34942379 30381722
2211401673 457146044
455434242 327029694
779924173 91117602
388528559 379371616
62443864 206353121
522719017 440500512
1959680778 1112405984
1019748918 418914569
230597829 369578212
2227888875 95460171
265760773 43176640
353410586 64514146
352503585 396859784
64543801 276172891
403581292 502133286
155319365 132695835
197438242 393846957
1386737119 842461728
297598994 286768707
1216296847 422406570
781904888 385716320
357506359 916069633
991499634 38597506
421596539 386063602
1306313796 473558443
501236334 580309240
49873110 546736709
494740836 337390596
177078187 297691008
569205554 430852853
1015306298 452498169
400248752 59572545
419234048 2188030210
15101175 9154112
561460429 408226598
528141447 620263299
211909983 15005656
270019949 48569141
453125747 273628289
31402706 236636021
68827868 23762849
35399633 237274571
266692205 453482634
61371470 138867700
21133455 19675872
614801124 159010532
2329269266 251844193
321937906 353135053
221530391 385716320
423699725 19675872
1232802822 231904025
318059658 189782177
56838433 472573645
485751696 365874842
1413721974 1084919437
242533552 384085576
188561770 922126837
700134474 434925329
20480469 108212009
170237970 473616769
856303596 580230881
2515604146 525926754
1055354557 374645059
273667497 1096847546
26008201 46397611
294876869 813559362
576680996 344179680
378313959 49564619
344962522 891605520
371925973 348731010
437614750 985602242
1062338244 133060802
316520043 149000728
22840044 160952169
392699684 419234048
822428532 833899225
1031650466 24957185
357808510 97229528
1229088732 28215411
264561739 1666658816
723335239 22544335
364701233 341307876
377031680 842265456
49977558 34469660
555702633 546221952
31236811 27825249
67335578 23334615
349766653 453573152
33520350 213852168
206832380 46253228
493641467 453573152
433671287 1666658816
529345552 40219913
621835593 223529798
41061589 58320710
268863504 229996827
426111749 391499076
1145880073 811910407
566747934 40114214
344469754 545563907
475417051 379584265
420082040 750560408
731706432 1029659809
420759047 175201792
488692675 74829628
366959229 1112405984
308186811 309746544
813245912 419234048
434519809 414033393
2193314478 2245061568
230463716 376840589
262751054 22138960
202892735 355935368
985800835 179711840
84427749 383963805
731167855 821586848
509409102 628870659
947863146 424540322
379263728 539449892
1132316395 419234048
59170266 64890601
304738062 352503585
130973557 52195306
1442381796 1132304994
1409136810 385776001
282587641 58715285
549518842 518147468
334184557 202892735
185302020 873861427
347766979 270095840
2174321 5470522
1928773364 530038821
2191646373 1691711072
315853860 208182017
1614078366 258165730
992070768 441994689
51601803 404838683
146973833 25631063
222242649 177638763
246976393 124303761
251805821 289088136
24247129 330740018
342424950 245069312
335689199 992070768
1019120136 185411807
377670839 566734319
567463477 500039392
1129631515 528141447
260150778 623233984
70409567 2328250320
593259038 355019139
298179561 349502658
1123461056 415932952
454635269 328665638
304536406 2203533196
194560905 52865666
366705885 886592005
25144149 1437364994
100096315 88260578
517011491 587669249
351609884 366683616
361044307 308757634
199925161 377761312
2243093010 343571614
347469796 53833505
844701841 517011491
378174939 509029230
722829630 52865666
894670027 64514146
342519621 1035724752
230248673 445730060
269053313 134939857
549615055 419234048
1363258472 706163760
80668450 81993387
258957310 336375778
37818164 30984249
328243671 362482020
1400459425 526504588
12522272 420759047
282780681 309306321
470761518 422707360
26746155 447648642
295188871 423102752
339936116 433807489
403101978 350993275
570454981 366433670
372009567 50031859
379512464 46501187
525803103 369766522
508293224 465272705
1659228966 25703672
16941578 15175113
1111781192 2196387582
20569692 44734376
491513584 1136300857
150867596 29619340
452553250 424540322
381686143 345167235
352878217 187410785
433784683 26049500
861511147 423081090
517160098 236967872
1168994888 34475336
598001991 25829907
406663613 189782177
431115158 1191922052
463196774 416644931
844786146 392897280
1340775512 571514145
287293125 176906250
27178689 400376164
314311593 863140226
597054105 67600453
351024796 1328446340
397435072 337240457
33461229 963436962
1374930559 985602242
539477310 394792102
147072822 104260809
716868412 1131009248
100897831 394423041
107258702 327231310
36130501 1707927792
531856229 961717568
347624268 2458640145
343161278 348731010
336878071 379512464
307736137 256789763
520676128 497992897
595935810 559163168
555754419 46501187
508024014 259538129
524694952 813245912
288585807 726729408
84908030 27325089
902969689 412372741
498066616 183060793
466737617 404399789
57936905 385661712
63506862 308104896
45071585 126962094
478336355 48157361
462510475 513951842
1151613139 323585283
547099796 487843108
39892789 844701841
1223393724 274622246
269153742 231354049
191218768 48815976
1594228741 274205249
536863352 1180282440
36206277 134977824
61566542 539761248
202469836 300968848
321528013 747221826
462341704 341587941
619454509 393841571
48582855 59170266
1047454062 366158809
1125917736 624351947
162075689 1136300857
423822529 539530608
1246377073 21776992
357316463 130568736
501296387 117461006
31420832 49198329
445954401 326330246
605007254 1060970616
541394724 297691008
551824484 1063425216
27519424 33265725
250278892 168863846
393280581 24957185
162428940 417405940
364036461 579901792
16500061 272898886
498447909 16366972
2179051806 319767842
406039809 571514145
115804259 416644931
215394261 172179970
148374074 114503297
447298190 851676547
755361157 925776259
737161231 602754314
436025577 325314432
540352174 424589675
295073852 1384745587
55461047 590405537
328254098 851676547
210945356 479122934
48056692 390550546
1936176200 1306313796
29316881 75282696
29036253 1686666637
783272972 554378627
702115194 453573152
783576895 241141288
1324567999 744516096
1164661939 830167464
434580273 312147174
532684566 477118696
701321753 828145670
762810290 65228224
618605959 141738339
339997443 166381826
1265213924 559163168
2250972716 21776992
55240621 23133504
423090357 412372741
44038635 201892280
221844546 40114214
596862057 422806708
375618732 85296016
230297477 539761248
346141688 189870616
420632620 831641730
1273152452 473616769
816224244 1112405984
575733861 394423041
24048601 245469728
267583697 433807489
924506191 431120042
228403420 447405823
178747309 336908907
874795200 378274152
2383874269 54714777
921899035 985602242
456156845 382437473
30369059 304428899
1107012654 52865666
223600666 379816682
1410221689 582882232
358355514 720637328
199534988 79464194
58261486 60298886
545641212 1154659621
417269006 437147170
325623341 162933376
459854841 1132316395
454422380 2294523361
39862339 114620536
1925379398 783732560
1581659970 24545353
1417717836 133060802
415872785 1118076306
403794939 433807489
981365941 33018561
399771215 2227789988
468768626 1110419780
500086135 954002179
748460850 71090492
334845034 32206059
105229582 499506562
133090848 355935368
369765794 369586225
516042830 472362889
616609906 805717867
172837605 337240457
1065846589 75621952
508986906 1380758688
463461274 34798470
500272570 473616769
232669589 410118056
32265491 86079009
51459457 23650057
132583610 263782362
450589180 252291169
397666951 919838610
328226353 297691008
249909691 1131009248
346266713 576680996
552868691 33018561
436168194 18964304
401057274 394423041
787754930 836840899
365861452 255293498
26663722 2294523361
634767648 750110352
2288763090 204325208
28709661 459776416
436400766 547178050
1074819648 501466384
47691530 321151589
246516543 319435013
180873334 516042830
29422988 14248409
115846519 24957185
255822965 33643681
1269523002 628479203
432855226 346266713
347651580 420082040
1096375362 210497352
223306734 199925161
292645096 447648642
1681577106 23650057
335784360 58254657
240048778 309058416
1322949481 465761260
54720670 90271424
190083878 461453859
585228203 528908900
546943786 423102752
857125297 836063886
22083887 1136300857
2427976689 1096847546
214635703 245646984
18318334 1233221
834379358 64514146
1005523795 599512672
371409871 374645059
261238958 121860227
207152517 28941414
1093519153 714354984
403079104 65228224
17175573 63834085
342916232 17862656
28445310 614801124
899057708 1029659809
840892974 21828558
1064269512 1300647072
408554209 442808940
16275908 27325089
333138651 52865666
311689306 598798936
783100260 152384002
27987978 764807281
542758675 62259843
275265731 72163208
439359511 716525923
366744934 14806209
376439541 32963201
199108751 200098578
2352894923 99625440
45967642 278715872
231215308 628870659
15963806 76494216
321368497 309574664
403664314 318053091
250932271 116943825
392395762 545426187
556307893 394423041
625062453 273439057
1282026408 722898656
933526698 257689593
454540618 1269116154
254303716 187559101
1250427283 722829630
904764986 620584706
116301118 53040142
946318724 62259843
1022871535 549647392
262497248 261217648
463210469 66053875
262483470 196222366
2155480407 436347682
1419303678 498531108
161600560 45967642
374231311 24957185
412256107 572221804
635806238 415030595
431156455 1110419780
480931186 633220120
85659268 273628289
252707124 268097184
1036588568 319832184
2468674031 1155191648
324765255 63370441
411105457 174333856
415886723 133060802
397376169 187410785
1468771231 831641730
398805944 466184904
218281262 600998394
628512679 416644931
471215051 2180569571
602158963 513951842
336328628 366683616
103575674 28590242
415211793 1118076306
318412664 567581408
453507198 567627753
283049692 123710177
973062330 509393552
523157718 424080928
2353809057 1722389515
544814217 873861427
320589202 376840589
408705968 478207368
542224794 1289899759
1370311921 467752648
257082470 240866980
33628896 117526827
790113098 1317007441
63372260 90264540
933403578 954042248
255896083 55818365
552869397 47029506
66068118 516670721
468062969 551532706
36170106 53833505
621111983 500039392
600926110 53538172
349265907 293823442
364037306 1132304994
29580955 130730889
145779412 397579648
470450638 289088136
114964567 1308825092
1337907127 842461728
1535795821 335668469
164302546 1217451715
377579190 611908497
870323894 371493185
430317905 33018561
18216009 20740042
481586138 45967642
247910732 393844977
54614338 274165784
519072502 942318462
37443745 18198866
504220475 454464866
50916401 533606625
492576664 1034817145
1102512692 99625440
52244255 118299392
263403676 25943944
433875238 32963201
16660486 272898886
1556609191 358484601
271743748 477174691
818542933 293823442
420631953 312370947
611687030 24957185
1585633650 1300647072
57543515 413589401
421505369 549647392
1455439573 821586848
380466362 308757634
171792637 326330246
1623303145 391499076
607790763 392643473
369874695 582361960
286027095 275265731
415142597 840888300
338572903 1722389515
364098507 55903546
235387909 289112425
554063154 58254657
318143431 69203264
1556958012 599512672
502081801 24957185
2370845054 379263728
481525291 1112405984
1449278797 1483857498
354747038 939210470
262283854 121860227
998447660 232121748
116088789 1136300857
876260911 447648642
118194926 5027201
330649584 423102752
25789034 1136300857
390502305 635758192
39634751 442240220
1666557806 458873974
315464281 379371616
145488407 47029506
299405491 16463107
993728738 725108396
327563665 374231311
549444462 162933376
350981871 52143009
95357199 16941578
256206827 783732560
787745418 189587584
99054613 32963201
187740230 84427749
489646221 166381826
1897411657 376499930
1275891049 924259286
263398468 79372503
627854730 705130381
356941265 285863665
499459705 760609891
16492682 287893393
82587396 19009802
1050877656 514854339
77518867 14806209
453538026 261443591
270145103 415192870
1641095557 555702633
346881230 1707927792
292889426 441646435
328196896 341737456
92038987 16752739
225585159 262360972
276283181 1069548199
239892847 402261512
270091427 1607438154
505989443 509529484
103155656 567737152
25348246 12522272
759643260 247878912
165533810 1028528653
459724364 191211424
124572602 1325830758
2312549453 467028843
1866103183 517996930
27682381 126962094
24013474 75356276
435483436 270095840
32464532 585144515
381503093 88993161
1038564589 813245912
23375934 447373240
363351006 227014016
461858413 915477506
106625109 44199763
921648948 61347950
283260016 1301923104
1041341978 433579435
248365616 38597506
364650708 344179680
450033516 323585283
786036932 283867529
1090550185 21533209
262388157 17022537
1705068104 621611457
415823777 94030975
2158721829 90271424
283816640 77908705
1038198019 500048549
437839565 348279641
983820751 473616769
35624142 363976118
598060272 133060802
319676606 516670721
170500234 42568817
20415473 26311825
322404683 300009584
456070770 323585283
43696733 1370739848
373429793 513951842
621198619 115804259
339231036 525926754
463614997 539761248
545476999 167572364
1883587722 344179680
570533859 516670721
464251735 295326304
35946715 1055790048
994292119 425353825
351217462 458693586
441899332 620263299
18401601 42967064
450051216 448406759
578521628 416644931
156734366 448474351
257727971 377031680
940209558 1583753186
477813268 114896096
862393082 509393552
370455428 35364913
62878779 270091427
439415905 13917432
151097199 147252421
136919315 384612576
1710401095 600383725
1274194968 419234048
362240856 723082488
549695048 515861956
79567316 258165730
114366316 620609136
331497814 606627136
335988809 355019139
21668677 11007392
245195812 924259286
1726190179 18216009
394785319 273439057
1046676444 179637474
717973 9154112
425529951 549518842
321636784 295689506
636816950 403079104
1109784127 473616769
785202871 505010396
433063033 445954401
188929628 186601952
787372567 939210470
380981559 478207368
755789479 419234048
18617209 1136300857
344803691 124885765
227855470 345653080
590616035 487077964
292425897 328802192
238818707 189936276
347923135 47029506
823835401 189587584
72182907 162592512
35834072 38467384
289111274 414263747
260004052 265483884
247035822 337390596
219430753 272962226
64911278 516670721
19629444 436168194
621347491 210497352
928289456 362301562
384129038 121860227
628188714 130568736
164062511 16752739
2306952692 270091427
410003326 71598880
123156787 755789479
334216779 1217451715
42906460 760609891
230091002 234873616
822050107 294876869
110297436 18448279
2194760117 474344902
280235566 159148612
1267737150 24957185
471573397 419234048
25981701 21950044
325932617 341804115
587085812 59334926
60253573 64620096
1217145037 65228224
389790283 497548705
287876976 32963201
223045758 116943825
230947986 1652557520
560274637 792729138
351973263 423794754
547220733 248365616
1950536108 974847428
16508199 481304155
1640727086 341327958
1016538859 65228224
331319149 92893668
284366698 631172873
56805691 26340613
1085130504 1894861729
612200628 186601952
49724329 1136300857
25623336 28565796
255417076 1216296847
2374878462 56838433
434450832 364360164
19945871 17862656
172786330 581273121
286381545 427938781
969291056 419234048
334388079 261426208
452570879 411745829
254720907 1136300857
1135496947 788165011
1724258521 1191644245
1219659205 1217145037
1711677194 58796904
39908130 385250978
418858965 447648642
605964274 501296387
484171653 25748541
2278314566 364606289
2153609288 634767648
498478498 423081090
437782437 628805345
928830740 570937988
207296404 546221952
215517465 302163872
441327469 157823808
626022261 855708164
459501131 851676547
505342629 407229938
230971069 366683616
2218487783 1666658816
1507190833 560451715
538591915 273628289
2165651008 350355460
1898649426 1852920882
522656150 914919426
266951948 433807489
588508580 611423160
445317020 58899300
799026776 452376580
178109630 333682242
407376432 441994689
239244714 259539492
393650316 1338946196
2168267641 747221826
311074715 480041072
306322857 270547679
580350006 375729625
392177831 606627136
46441974 25461520
292719267 117522987
2276684340 377031680
326282931 110703324
65228014 2194912916
852329670 385661712
635563761 1328446340
307541879 121860227
175630071 546221952
390348138 720835210
287933263 22397456
505141471 365854528
431696762 494655320
61399520 386217032
1120627507 220799041
99787865 512492738
408526350 505010396
50320242 351024796
424782688 939210470
232773504 255276297
105376535 1217451715
388291007 473616769
76793278 360162380
831841596 115065835
519205657 346746092
585218904 230248673
1161186974 855359082
370943526 567737152
194691418 1136300857
23401126 64620096
878943438 1483857498
966994728 1936176200
468985067 21533209
924174901 1074819648
366863142 423081090
290517255 21166177
378271585 221949960
336857045 495197668
506957372 445831366
78312964 104979781
1233045228 339231036
429898297 18962278
522485062 115065835
90043545 552879427
27590675 328665638
24415641 22869601
1406468005 737938728
193870476 27325089
15258562 15800206
364310829 720637328
521459961 851676547
461430710 329847512
564808350 75356276
256680712 403079104
770521908 428716488
266365915 359591067
340681269 235704486
1027784652 162933376
360239986 345167235
30080450 292719267
46788607 985602242
181794175 293310330
257531561 620584706
16637595 14248409
1638625032 2382646640
2402950667 1146451651
612237704 422125453
142053465 394423041
1566722300 445954401
18076480 361649920
19454250 17022537
119145164 17701258
397944202 118299392
1546956157 68006100
16321821 18834945
1064690551 570937988
1112820884 188516506
116957648 121860227
985940695 498478498
520032809 354423520
31468730 29106944
328852939 61210309
477326520 805717867
385471211 346893253
636418699 322264283
373785209 53827464
112563685 31420832
28234407 252291169
757759956 33018561
437031210 300979737
62478803 19675872
1093897003 809712708
419783706 611687030
224375425 295326304
184228033 467925384
496546144 544659113
777345907 393023176
466081422 1357008080
66518296 1737301633
1154435958 412372741
26908464 705018103
999739520 258230318
182076907 275034112
49341087 385792141
40747294 437147170
91627573 52556936
339221231 245469728
299494910 437147170
191478460 196177867
194320943 79464194
552379861 1084919437
1526746596 501296387
22543345 319419019
1154869207 616638148
846233011 419234048
337754272 159098240
55735983 915477506
57106165 620263299
251763226 38597506
805312279 954002179
25667663 88260578
49851821 29437680
352418109 274286950
289431480 280824551
482471771 623233984
350936605 353283990
724992668 40044028
239179122 297691008
399717723 375230663
2284592871 2350933248
826457208 254723603
1398703465 180625541
357633218 559163168
328180868 233416226
615255983 415580064
1495299150 34797742
336132774 1136300857
77406831 236967872
601929914 1001526156
351335193 549647392
302352047 158032672
146513248 54806906
750606570 2194912916
91246694 85659268
156644941 239666946
338869013 514868779
32603465 40470331
335710063 379371616
373720988 339980656
23593337 17022537
550549910 60689800
382184863 18922627
397457339 309574664
437097412 385716320
23724304 477324659
232744141 58715285
32575433 1154659621
338588174 24957185
315257671 1308825092
180958025 551413253
2246907406 322881012
100313038 162933376
16154380 259538129
509527706 499771300
261320650 403079104
632249911 350551844
315548332 292719267
107249549 397406176
23428425 17022537
25935720 331319149
2218295591 2350933248
496698698 1134405164
251906006 23762849
444060853 546221952
360987265 1016538859
57457283 394777249
410374666 1409136810
1487566723 498132390
432758848 36192770
362231054 551824484
56383923 130238097
558308178 354423520
1287200406 544372087
807990162 1583753186
1201978314 108739744
1399383727 636520061
343363946 549695048
398144309 64620096
365108939 127644216
1649125118 1136300857
1170420222 634613569
44259561 33386443
61568018 499459705
89861862 78667510
619785775 64856449
59230134 321151589
56678518 285045890
360279713 252850065
1917771030 453338897
269091869 434519809
1176519002 375686580
628050789 368489454
27792170 16463107
1146404214 500039392
462624153 352878217
440507343 755361157
555232091 516670721
468762687 419234048
413293662 548156770
1107333559 451844229
140254652 227014016
199801562 355935368
998137962 1149451872
20382716 264937048
479694751 248365616
75693808 580230881
307951710 555213535
431289105 393841571
27926098 118426456
307124879 287933263
1431530227 1290387427
939134443 384612576
155639557 329847512
396906099 379371616
19572858 16366972
914994948 227014016
303566598 371041200
304616449 16366972
1521362640 570937988
627072818 307429824
499378966 41666795
756319957 2377227404
358286622 126382407
65289597 470974208
708319700 323638818
759551048 1149547747
74814357 245069312
147354110 39400007
416776224 480041072
626086472 570436235
23220796 34755465
2334978148 95460171
19358184 294180707
2350206902 1661031768
989718254 350993275
937180165 274847843
370515167 549579902
391104271 556408787
344172524 262497248
852951014 1164661939
198595856 844701841
297096773 587669249
581434264 352431477
166717236 357918258
343709777 119602627
265004323 1345014690
216980494 51944939
29812318 504709504
485219614 33464784
18824805 29619340
1016111407 501466384
118835721 133060802
42719794 436347682
457119397 244100485
69198412 579901792
15577872 384561014
52816161 369765794
2176670968 539761248
225084934 36581887
156594920 744103838
258893331 52865666
563162182 513951842
1892180527 463196774
428298603 419234048
2259897498 311727464
920148506 559163168
235328703 180158819
1155770851 371041200
470482680 247878912
1575287197 76494216
503698891 103736009
1098522913 759680124
753604951 64217337
934620691 628870659
54808305 49479363
1009872876 556349059
286166911 27325089
329037621 25461520
87332967 134939857
605628637 634613569
573062761 415194314
792301040 453573152
782412901 983214138
439438020 392643473
27970716 161915820
15404067 14360516
338176069 1290387427
108710943 263398468
948756846 437782437
503722356 246851168
270091117 17022537
41262839 19675872
1231196310 262987311
102779310 1328446340
231244127 60401324
163285325 406475708
48357184 444786520
1297195476 1085130504
322165359 400821744
256099196 750560408
118806166 115065835
539543954 355935368
379809139 109726341
277694306 52816161
1525809313 308757634
18911728 57457283
369283253 56271890
573176332 919838610
286227580 125228166
1373322852 230463716
456270467 2294523361
344215943 351818219
887899452 417443042
412710678 454265504
22557393 307736137
449319690 391499076
2306295327 23762849
634828950 915477506
2441044951 1064600264
1064131039 362886628
181780390 1653799820
874734018 124885765
344397931 30396002
612917208 1345014690
446357854 915477506
406362194 246980480
113258212 286472485
320865755 381718864
1175886769 36191371
1129144490 219430753
1454801581 599512672
276110836 269091869
547180832 849897866
537722414 528141447
565050653 627171210
427970045 404838683
382518900 207152517
988212583 495047368
52863106 1410221689
469853573 307429824
520787975 323638818
606701178 21668677
2431230927 423021827
577238207 366375921
633569406 30391258
31343649 505010396
430329135 584859468
1013637804 580230881
523645483 424589675
458905791 13729222
361929272 37794920
135254544 1244707862
287179701 747221826
713230808 452376580
1938775015 360279713
228092914 208182017
474608937 1296553464
328349618 372444041
65667503 517011491
384902887 275034112
142135768 168013121
240411771 62878779
6216572 1581659970
31326199 24545353
368977335 462624153
116293057 941790067
2407884667 412372741
889402418 88260578
876044858 1322949481
42546031 72039680
710101746 242565899
31777520 392395762
933418416 162933376
150022322 335080259
311271563 338676827
15407595 14248409
510295054 1209838832
1242351091 1155191648
502333369 454417592
32115697 273628289
710955612 121860227
231128218 289112425
56523657 32963201
237933188 441994689
216915562 323381088
95127823 840649788
15373344 18834945
355324534 87839121
537885071 295326304
633226717 728927443
474452909 328254098
919192855 385250978
287472635 1129274552
48180050 453482634
350635364 229669791
825200917 498478498
425487947 914919426
161847323 161600560
313605446 414263747
16568241 116818753
43967288 1161270104
365207986 30130787
54279220 445954401
15941420 720637328
206863274 891605520
479679560 369172720
915750620 1129274552
14390473 72915276
1235682025 1335299138
727594465 863140226
246091187 230091002
165451166 81965252
36691113 25461520
445685851 30088457
341339523 114896096
26821056 109637697
1227515455 268097184
420512172 33018561
350461823 1413212976
443400056 517160098
449187035 1335299138
85407685 270095840
71675638 382437473
187019396 157823808
48281126 915477506
78640054 325177923
66276001 426248953
574819746 32242057
943903286 85296016
201574137 504709504
350740084 178170384
807978956 290068304
913282802 497992897
437135137 157823808
183668996 258165730
1355647418 339997443
544059150 15602566
59198077 429898297
43179850 54274817
531791830 378274152
387223014 1356882576
48515394 813245912
63574950 599512672
373501565 90713883
380112901 423415106
262910874 1231903356
312248690 333682242
2296960841 1977265783
62423990 38597506
451662043 499242246
477043193 34755465
775196845 787874498
1977507199 467002258
557213111 821586848
14527470 134921337
1063964017 384487504
354912746 18448279
633067217 598798936
385701053 580230881
33118970 166424097
576709098 80299587
409570769 29349228
627138221 512836590
1499514151 85296016
441200930 418914569
1311347707 419234048
131709086 213852168
276070804 424589675
616725811 312370947
546447023 831641730
534653246 1398634886
5751162 14494523
728560488 225628720
205356499 393841571
431161784 51459457
355106983 98752257
705927320 706253292
223496598 172179970
6602102 926809741
623801254 335707897
564174541 954002179
722465240 971275297
28648539 1708443356
345766562 258165730
347799913 555066692
219066451 373429793
100831508 538617618
32685247 272898886
989507238 572724368
1113825758 1583753186
430716201 112190567
548041114 783142339
406358674 855359082
266541770 262497248
258571660 423811370
93812926 355935368
45672125 925776259
93030385 62443864
1948000260 251424856
1692488324 339997443
626904496 539761248
182662066 454265504
470262951 516670721
418880719 261802673
21452122 252291169
380613157 466184904
16459336 1136300857
326476170 51944939
354323495 17314683
598677046 520882148
283122186 1939421635
60726440 498991940
26842169 14806209
19168149 49724329
1332821540 925776259
427128074 961717568
382986452 328226353
620489552 404461584
834139326 620263299
71320763 358467462
52395112 409791954
832204920 1578275360
65806513 874734018
407433963 620965481
1060827348 344465488
147101061 16492682
509438985 238695226
543192956 985602242
64756279 776598733
17014603 1136300857
34147889 112651008
49498917 402885850
123438911 273628289
783365090 509409102
447243114 419298848
636204940 505010396
735775146 248365616
1135539750 187410785
548902266 2180569571
280761180 362301562
412326834 273159181
50476377 707959034
236624181 39908130
30524021 473616769
252161617 50031859
924886194 24957185
49901006 116818753
385051124 379371616
315052142 409576505
76536325 505010396
334367534 394423041
1519913785 907211137
270693042 434519809
57529340 15164343
389767944 255813114
59650981 272721249
38053973 480136025
19313718 1136300857
293831713 231354049
343512769 24354557
323964819 423081090
1584189811 365641173
21001616 16463107
175284427 429612451
341855545 628870659
430217596 120490061
243269604 28943578
851997787 117746936
367945273 415030595
431728973 396859784
288496146 132695835
173314971 99173241
22550847 940651
584330980 423081090
1523184511 26908464
236073043 811656092
399763344 338335970
521902010 1055397896
427823527 57053317
234374922 23593337
1495894891 1526746596
1090393315 350635364
810061944 25741501
330615990 231354049
40240951 412372741
566740541 155244516
394973365 1125887077
45745567 221844546
230283188 272898886
44463028 175201792
1969914740 628870659
603402189 1063425216
73766797 260506872
1258283976 526987103
357896491 618526761
508351301 500944515
987748951 385716320
362678735 15500871
348268013 344397931
595919263 246516543
349735925 11007392
23491526 436168194
19500320 237990326
442939961 394071275
548661593 1290387427
416627553 173491983
985153584 230297477
409047188 1041423830
59599454 552388580
190388907 201892280
461725110 328056560
68066254 27365860
2319414302 415030595
2260741926 620263299
228127641 440500512
328548048 335080259
270845259 121860227
329455249 442808940
330493382 384612576
539588852 43885961
537857610 413474627
1443792175 552388580
16213045 544814217
724836084 322919952
818599891 551532706
900925218 231904025
527547886 128216953
633053300 911378420
448426605 270095840
750644150 402388684
1325904354 539761248
897963757 44259561
415908401 434519809
167179899 419234048
74597527 1136300857
1312599247 1120627507
348214185 426978756
126904024 539761248
425501888 431790109
70080252 42190092
341319378 499242246
1441957069 1069548199
861576205 433579435
471547660 620263299
1290314610 81751793
97226973 486057962
527619083 47029506
367362150 261320650
140349766 28215411
42705680 25461520
339060131 24957185
633103043 615787975
596133024 295326304
508046375 334388079
117515639 79464194
261361661 247878912
328236316 323964819
515717590 308757634
414436574 293831713
16615790 5470522
70834858 38570872
44881854 1014014156
548060147 329219828
724315254 1705068104
90998709 114503297
480846856 500039392
718844502 252291169
500284245 764234508
32540274 521844410
377686086 393841571
292233762 295326304
635758489 467752648
15060125 147252421
350681862 335784360
316478403 386217032
397662829 273628289
2227071805 162933376
328389810 546221952
54072261 40744641
1877714197 567581408
1368178975 954002179
372644744 75282696
39112190 585228203
706363902 887899452
153909256 350551844
355136889 926809741
566577044 322114916
162733508 337390596
15381827 251844193
211304558 222242649
50537293 818833482
335609950 570937988
104839365 435305108
705924407 35364913
593023079 419234048
104004409 276281922
865362180 323381088
820459184 713709284
29531165 520676128
71606578 278715872
421444413 701321753
448519164 157823808
1112568788 628870659
412791535 611908497
45939311 459719265
1510827620 1055790048
48765640 16463107
385581094 273628289
1677184074 1300647072
266819171 273628289
17497185 10904
534996146 1378427660
560765713 735775146
74849416 1976821866
1278671756 1574338916
49368301 766271538
262488848 441899332
261287903 46660666
778571678 225930992
73230834 478207368
891753139 977004146
139695675 15684468
353802074 69095257
273693374 719617132
556325102 516670721
346237801 515094611
619659452 700077727
39336746 958191660
602153976 1401093841
179218508 787874498
479251801 152384002
204182899 41620153
354124940 23133504
26667617 409576505
583586246 414892681
472472747 157823808
605097348 44225395
416734236 481340200
537631235 328180868
383278862 341737456
377704286 272721249
512832525 339997443
1026852025 162933376
260952366 71909574
930711578 1129274552
1149145596 453573152
224855976 1332989132
300558856 961717568
434636746 99133259
256723160 620584706
1700752891 515094611
154271239 379371616
344469057 316041562
979011716 377756675
176350545 32575433
248227383 499010629
56378785 112190567
251921715 287451458
1255867597 252850065
2296647447 377031680
1321525598 792301040
342447371 426978756
257368712 371064697
162830136 426296467
318211196 245069312
523539873 273159181
1098864026 626086472
543843398 948756846
1000596187 51416517
1038733494 925776259
713127326 23650057
335526284 717479203
420545427 1000208526
397264702 454464866
19405140 26821056
1892229728 162592512
64328374 47029506
352736012 24957185
636632876 463290024
342257392 289112425
80138294 241141288
344312187 433807489
451792334 831641730
1905079195 186601952
71806473 71113017
447620671 15747084
350330293 338794529
914527405 139110622
588699536 1235682025
631482516 24957185
71483924 378271585
49765514 39050000
439856487 572039474
388516155 822547634
356273934 116943825
136143130 516670721
620680222 67664143
475311248 391499076
419118498 713709284
287942886 22543345
103753021 38597506
41474458 16463107
631503667 266819171
608395161 18076480
597676376 365240032
223927431 236967872
30130419 448406759
1056473960 710092573
63228772 1136300857
730638486 414033393
499360135 495197668
466147644 1136300857
339074477 229669791
499313095 258543232
454356318 517996930
146964967 199925161
352627569 337390596
70538418 53833505
595047522 162933376
551382363 392897280
42429027 393844977
220428595 32464532
45972356 52816161
418984911 27325089
214229879 508351301
230667899 187740230
349969917 186601952
209324219 23762849
243396999 55661808
455532548 364327072
343613814 416776224
860570270 499771300
81935741 486369936
39165493 357759494
316659316 38597506
1141226280 800057042
31013914 486369936
926082548 1638625032
1504816789 24479360
339636756 514854339
179149487 246851168
552839947 1074819648
961687718 720911372
514976651 614801124
414816098 366375921
487099398 887921251
329340022 274165784
343793446 52865666
202385066 418964844
53273180 481564178
92103078 992070768
996412334 246851168
1273146428 236967872
287730314 63845667
264956914 620584706
1907943324 28565796
415235974 52865666
357014150 330740018
350489388 1578275360
481687630 1666658816
17987054 14255351
419753670 2165651008
299372871 547220904
383855625 262283854
565994500 48157361
505351403 97077634
31213502 295988941
273088151 52865666
352108044 109726341
473047004 419234048
489543855 414456642
1254510174 539761248
357231302 546221952
131292817 114503297
307965155 276281922
122998667 64620096
606065091 263728592
448363002 67648980
466673585 424782688
292121632 274847843
1682009833 32963201
364251938 188929628
22402910 118509914
454773052 318053091
450146645 628870659
1199013901 831813589
560439663 974847428
1249580881 319676606
499440407 157823808
436179587 42981528
24286855 475499921
295918979 293831713
575314310 524623119
414421277 520670881
340422671 473616769
589960285 338335970
568694265 42546031
375363997 257368712
393593776 169650823
59208277 77461452
1255138614 293923160
69514121 307736137
319437172 42967064
290242643 612237704
331869527 52865666
566258855 268652997
29189769 45972356
836756143 63243458
400493924 245469728
69215054 14691200
67181764 443173805
719030126 81951091
476059001 32206059
56288844 330748895
448327155 431161784
298329310 536873277
592749190 1227954067
165153571 185282054
101423802 397406176
1285004155 126150562
127553471 24218754
1263697376 482526529
27879891 385215876
2246485334 492576664
1897438494 175201792
15210600 55818365
956719920 1228410716
349281690 455001380
431153265 318053091
100833768 453573152
240424423 119072905
497024634 423794754
478062766 415235974
513235881 2229992139
317225601 361649920
363733989 324718026
24779087 530038821
766911348 375797417
193254685 467028843
390393929 474344902
414998035 433807489
1931177450 924536137
739549254 415235974
755488927 731706432
474282383 65228224
805705722 344469057
743869484 231354049
84634838 239244714
303913498 468985067
882473251 374645059
28823577 11007392
356997498 69198412
836644760 134977824
187967752 239244714
77503040 259539492
1482007212 973176920
70558190 60980821
38757585 283816640
554909646 265004323
405125760 494655320
756083 175201792
501515139 131292817
162126261 26821056
790458108 822124153
20190364 23391140
1115341652 628870659
251389373 581273121
1877501406 701321753
32684679 75693808
526735259 374645059
523890904 37989785
28922171 26493999
495209933 233802296
574755005 824184144
503246270 1275891049
19001870 67955985
569521721 79038400
780339956 2188030210
511025426 90271424
519716461 759532262
448536459 159148612
458978221 791025728
264541193 394071275
545566845 162574603
79315485 465599718
403115343 394777249
262335366 480846856
727333003 710700955
65232597 121860227
512615294 1060970616
54296207 90264540
574540818 280024930
746371711 571423372
14166065 15066575
50513061 134921337
393012135 2324932196
461529323 443076922
279814013 357776371
276650115 247878912
490450777 1308825092
284283156 276070804
248735932 436168194
257729693 77908705
1706991684 259538129
94473636 74822705
280840876 275034112
110496811 1029659809
411183367 916069633
470474672 506307548
316842760 256789763
577638702 837732282
238992275 165153571
624290806 522485062
327992205 599512672
540879451 417443042
575055291 1135539750
179686132 833899225
258611669 222242649
33196667 309058416
236600541 182995874
203068349 11007392
423821388 24957185
342447842 433807489
334712733 723082488
1164710894 338335970
420063323 516670721
60333662 347469796
1071902227 339997443
1081344762 1055790048
84444204 341339523
133432374 459930928
271646728 261727651
1915249646 33018561
368653006 441994689
516151662 423021827
704219410 268894817
317931954 275034112
420547330 123064751
69184956 442242953
327561331 258204856
327093714 115065835
255164014 1877945634
44183146 258983772
1305799087 1300647072
1949901931 985153584
302080943 320829499
528162083 180625541
1688119813 1300647072
536999170 295326304
33749690 28823577
869004139 372004289
528901763 744516096
38366808 947863146
434838079 26908464
337200445 50537293
756599910 869898884
406579027 412746336
14342733 11007392
415136537 480011748
437156059 256632293
29508145 17022537
50207466 475499921
370119315 911304553
2213433875 467925384
300040871 434641106
1228389235 256680712
81257198 263925546
2258272326 498093281
351045413 1510566690
527617194 328056560
463884327 915477506
731938843 24957185
635169156 750606570
850087850 1149451872
1240315986 206570244
221144641 81965252
94465437 32963201
190893326 62443864
158558031 208182017
129390337 222585634
68706390 189936276
484117968 208182017
542949285 188561770
585709639 886592005
266389445 17862656
501351103 454773052
439717446 997631328
39415403 221844546
586254799 83300544
595966737 1063425216
766704828 503872457
510999799 1334423202
227336782 19675872
264556655 777345907
259295285 59572545
443857288 1110188162
239074567 59321160
77676817 29437680
217212926 386063602
311057204 415917888
926300072 516670721
220208610 552770773
573782919 252291169
704760499 339147429
1053341874 415908401
326330615 2350933248
377427738 32963201
428481565 423794754
379776359 24957185
110520078 260912906
374128846 1136300857
1568823272 358861650
16271908 17022537
917574763 526504588
309849014 23650057
280834267 716525923
395517617 18076480
263886213 175201792
359514121 54614338
1880237430 1136300857
322963021 295326304
89012954 361649920
74417000 44199763
1229370164 92893668
770634931 628870659
792052573 338335970
21221343 16366972
358856516 232773504
762540199 770639552
950319913 480846856
1018829778 538591915
180163943 21000267
187758740 620609136
268304988 1707927792
292250641 1563614216
119163005 201714656
364681853 108212009
278065375 1112405984
319875198 495197668
373058646 32765843
382616033 379816682
112539666 498991940
635887831 372004289
384537318 1877439876
930617017 842265456
417203857 72552883
57698998 18962278
207334514 750560408
61695405 479487014
848417504 363888112
561196318 86079009
29103414 349055950
721009902 744516096
430886549 66068118
484536990 855708164
611960919 508986906
755907342 1578275360
122284504 32464532
521015935 337390596
103625044 221844546
345088287 540548826
463142111 623233984
62819065 549647392
221173236 1206764761
1692378632 479866415
1285099722 375433504
26378422 116818753
756275101 55461047
411124507 473616769
566005623 386229466
451946644 426111749
71611608 26821056
404514142 504709504
432130694 889402418
378014828 842461728
443076622 61816752
308142900 236967872
448513167 21776992
34836586 17022537
472417391 423415106
292076528 323585283
102447325 32963201
1260844700 618284618
325904047 292121632
966976658 1149451872
167806361 516670721
335441705 620263299
1419015805 2275571376
54592790 252291169
186713227 552388580
337456156 245069312
349366550 94465437
419127109 917970337
739523659 915750620
1201662296 715519858
952566864 24957185
513505109 283867529
503955342 628870659
136310058 628870659
206510109 470482680
38456955 56523657
355064486 284366698
396720767 64514146
586893855 523539873
142894532 212503757
19727773 245069312
389498107 90271424
16268054 19009802
250442735 293831713
470626327 247878912
274272233 134939857
745746216 108739744
422013050 47029506
861908450 283867529
829846897 1936176200
727155462 917574763
251236197 273628289
379934287 309746544
390314997 77503040
470431531 16366972
863968422 302163872
58007379 466042520
1041272562 399127849
2159004673 1026852025
458746909 396076814
373496439 1892229728
924514842 409295172
1414256755 731706432
227071663 125228166
136124889 423081090
592170893 501236334
783268562 271730916
100618525 193254685
848286318 1020713989
424208756 114896096
129940964 275069028
289555403 569521721
324556176 375797417
389579162 398909748
217865306 755361157
16321818 251844193
45092482 790113098
368619882 467925384
176204947 372938368
540452003 270095840
178774911 30369059
389222000 180158819
477854069 126150562
43499083 109637697
159934632 339997443
21544913 16704192
57940248 308104896
572859323 330649584
751800756 75282696
141991003 1697700528
415107548 631172873
1717907863 341807457
272675086 589418853
41829451 19675872
594068274 1638625032
2327801516 29189769
317570487 166381826
70782665 792301040
1032041587 620584706
465596313 435268224
92472248 971275297
838945938 2188030210
406554871 1301923104
344177736 329847512
1042674570 172208249
1641929947 311271563
25896434 26667617
1486243603 236967872
262014700 50916401
16701577 26821056
727593690 400821744
497866111 24957185
807846793 348279641
2350453652 23762849
981835700 1325904354
163533867 297691008
23359535 16463107
558206052 256789763
623943742 269521059
265836382 509529484
101530641 415599781
127725916 308104896
34683710 1115930120
136174676 79038400
244228586 317225601
305188358 145063883
456139122 431234993
269624760 1263697376
247945011 63370441
345723074 498531108
268844150 587669249
223948981 32992976
739435914 374645059
903935126 470974208
556577258 345167235
408570162 369765794
137040017 295988941
66936503 36170106
52156269 620584706
27156140 371041200
423862746 548156770
395038097 72163208
148022909 754472635
478788454 501411013
1329480829 35834072
622117307 55818365
77810553 337466585
746256787 559163168
377602511 1255138614
611246828 525926754
830548507 627512810
156107830 285964788
55246119 399745403
2395129399 482526529
597727630 620263299
64248502 251844193
359765834 47808840
225090222 21776992
1053365054 829872056
391808916 985602242
1143628850 494655320
270651810 447405823
211941094 60726440
318086551 634191272
263405458 385716320
387197604 407376432
609779575 434533936
1049260280 377709628
493601601 287339115
1318632763 32963201
356726929 393091456
426167317 180625541
615502247 801593995
422259012 263398468
85124684 366683616
35836111 410374666
175530226 142135768
933155455 261426208
342392954 49479363
314888781 14570002
516931020 571092320
20064269 73243774
2229931442 93030385
252251866 44183146
542138441 331869527
574956412 601445709
326528031 731167855
740074819 1367895180
626701549 108739744
8336412 193836088
375697167 283260016
185091406 325838892
939769639 390502305
541178538 210497352
33405004 426167317
335484136 412746336
338399486 385776001
515854282 114896096
298164703 471547660
421653746 47029506
1426539379 410118056
593156798 338399486
100047235 1322949481
83855571 16463107
637045214 424782688
338057423 231914688
156809951 467925384
96462242 599512672
787353241 425487947
471214123 302163872
16699773 132583610
57522578 26663722
351704868 283260016
364376829 628870659
2465306844 805717867
348640529 266331299
360916710 25703672
412779415 1112405984
2374651987 365874842
379887820 339997443
267049429 270095840
48763478 22784929
1126662620 177638763
314228498 283689974
1220338074 32963201
205247367 16366972
288303549 233416226
627943495 42981528
1434144188 295188871
1312215020 16447150
296010186 531856229
309240233 300968848
468097043 22836586
69740910 26378422
5385272 2350453652
494460585 419234048
848440736 189936276
210585853 392897280
37069994 17022537
260552298 453573152
70045040 417443042
871014829 1115738544
50908543 43696733
552226671 520676128
2386023326 424782688
276755941 272962226
1454325565 1942590152
315830174 121860227
65089492 477043193
72084105 342916232
97304351 1737301633
320953639 2317366904
1569396655 728927443
191337163 239666946
46418490 361649920
26992668 546221952
1552293775 32684679
911503812 634613569
348099009 381064742
150265786 356726929
52081838 353802074
300114067 52865666
199507614 270095840
344243144 433807489
167499507 22867434
20233071 14806209
350362011 31420832
2192226509 2270289473
380560230 43736709
363049765 339997443
879119124 628870659
322317513 403079104
633452272 172786330
450333798 45236297
479828589 126962094
241338957 152384002
142477998 364278198
369275838 847520971
266765306 51459457
1276357560 790579464
1836829722 580309240
100030430 295326304
197131045 262516643
332024212 327231310
207138856 501296387
112215445 294876869
907201508 399745403
67764006 595047522
720568002 118299392
858663446 633103043
506319887 417203857
824212334 501296387
41542143 66929342
568582929 1367895180
633058253 380662672
30444507 145063883
96491947 1660789380
482327433 186134059
193142027 375433504
616725270 106451278
749857615 516042830
14545332 30932693
422877086 419234048
351842402 925776259
437910231 378164251
603296562 744516096
517843346 1722389515
28582414 453338897
615325753 221875816
296914044 11007392
200351318 596133024
382960914 330740018
118902118 276736041
630796976 50129832
571344460 158032672
425056713 419234048
829231388 394450745
173239771 154271239
1062260154 950319913
501130417 444786520
1426695715 1136300857
292532796 275034112
346380094 915477506
617885565 424782688
287475217 201714656
2481544264 1306313796
66594134 439438020
396116279 448327155
147408996 103625044
311203892 1334747772
1131925892 457680772
105246841 39391033
29548883 446740993
783244304 112563685
339342547 202469836
414481496 34267331
276814234 548041114
1287235652 350551844
440596767 16752739
45256459 406362194
2361611087 52865666
554702379 558206052
206394578 730817402
403645417 22197188
529591124 88318161
1265562433 57791944
376361457 523539873
1250369418 252291169
240863601 628870659
367343945 452553250
474563808 17701258
1115189388 379371616
241263130 347478033
396092245 612237704
651963 9154112
394003638 231178138
66704792 420546943
266874769 38570872
33318700 37839242
501067606 622376944
1022853510 482526529
378929859 819642522
746274726 385716320
489916949 224855976
732177674 115804259
85691557 74012196
786382916 62259843
412718556 30369059
355775162 377756675
1456575332 404475402
862089654 307610324
443131159 91940932
485312374 417162950
1315583143 337390596
38930386 69642388
770594250 1053706855
386815711 196177867
95021541 274205249
545410637 355900787
377440982 517011491
470450388 419234048
35378668 480828212
353785926 567627753
2383978644 61199268
509455575 227014016
532671998 501296387
1318725494 559163168
542952376 293831713
16535264 188417746
8768722 16463107
341216126 506226984
505350450 162947860
34797121 18198866
757795765 346746092
1871999708 417443042
624291860 382437473
121941652 146513248
444391308 782831010
44185900 23762849
471636246 256789763
783215869 142780964
702331813 634767648
151428025 232706669
506542299 1217451715
1325124240 1276357560
230323409 580230881
420068214 24957185
849562194 1287072012
339256439 33628896
227443897 566747934
272203854 259538129
349877661 262360972
2278141557 1578275360
86156881 16463107
477830706 516670721
562429551 176204947
347948246 861511147
26103278 297096773
286459868 229669791
341668500 33628896
28973554 175201792
242403738 930711578
468980172 474563808
465022801 621198619
45470777 47029506
37279868 206353121
2238340681 2350933248
499086313 1131009248
168388322 345167235
1455063222 1167923736
378047317 362150718
53697871 1110188162
135329116 289088136
104249454 414481496
825289016 354423520
829752624 175201792
166403903 295326304
704285234 863140226
59198711 286768707
228781628 175201792
168850562 377782593
31203152 52143009
431898610 322114916
2170226364 1136300857
351853745 47029506
234174047 393023176
70533195 484117968
333242718 915477506
1190481342 1465574268
425053206 324718026
1481050394 108739744
944564204 64514146
323919406 1328446340
357268829 333682242
1126630728 346746092
516510493 357633218
1169950790 251844193
1119877693 747221826
76911678 354549685
450989804 952293600
731888904 419234048
33782719 364321254
1433486419 90271424
926337362 351842402
248508723 811910407
519088157 256789763
182232607 1380758688
386781154 470974208
475292100 556349059
1674306020 390527780
504989361 46441974
843641516 275265731
35324787 44183146
543088020 419234048
932400038 414033393
396633797 423021827
793016305 227014016
402296999 470450638
253246643 275034112
625156094 276736041
628796115 1085130504
1416798805 556577258
64649906 295689506
340024870 118218671
153276893 977058858
47446723 14360516
194172039 205356499
22845793 224375425
96575241 337276811
50876058 415917888
360222158 548015353
356944299 2269150339
105843449 339147429
385904549 172179970
178747189 870323894
557257466 103155656
381870121 32684679
228424824 479122934
708148392 473616769
715258417 374645059
378911470 252161617
26924916 1022853510
284087236 114896096
2369880382 346237801
1613533657 445954401
619537853 295188871
397554649 97077634
536641683 422707360
163374913 424080928
40975164 51944939
193940022 261426208
2198493529 546221952
60770700 270095840
442105844 85659268
299437715 408570162
440497986 546221952
421542414 262497248
451102426 32206059
364671446 1031650466
565626767 295188871
320599768 268097184
32456949 909210930
37284125 46397611
17625397 9154112
431976333 440500512
853747850 820459184
287951589 98752257
17011318 93975949
1134898662 537722414
565567865 546221952
627280157 29106944
327247221 47029506
95126430 39908130
26841261 598060272
211755069 52865666
272006739 565567865
65813747 85296016
165885488 290450546
1630906536 467925384
278320408 1145880073
291917416 85296016
476053422 124885765
400057506 484117968
403009970 47691530
421453413 16366972
805008841 525926754
35631152 356026912
353777149 532266142
330647219 462979589
16363540 11007392
492388370 1034817145
613572746 1666658816
19096211 337466585
457936556 90043545
499197849 36373371
1319679895 628479203
1323834025 489825492
1912503547 293831713
199717054 80299587
17917257 16366972
360099272 375346772
53409591 47446723
52880020 345167235
1078373144 231914688
210096174 407376218
805467463 586203267
401667724 240738860
808014200 24957185
844126830 1227515455
