480828212 286714608
488032805 446703936
16078257 27970716
702174332 204505963
1541521722 256349527
397386925 149730039
593259038 216915562
258957310 1063964017
1387582820 597879076
2409921199 430165833
433807489 770639552
838546968 27347296
28631637 11554482
579394937 1058761578
2774097167 2295892588
418803338 523539873
870323894 470450388
504220475 57707109
2490949457 39165493
520822010 613572746
362908024 236259337
464316103 470649270
1866103183 480828212
24013474 75356276
1038564589 2766044225
84731418 1584875376
35834072 38467384
446691061 2232387650
1534454587 52594985
304065364 613572746
2653409590 61859956
487843108 776977777
392959733 191567917
821982482 27347296
266752871 318159249
129085068 541379799
1134852266 27347296
69178632 216915562
131709086 41829451
399458716 1975716493
1258283976 2289068064
506505588 2409921199
19881311 488032805
287730314 1912146536
40378935 768380431
1334384900 597879076
109062362 27970716
415030595 597851555
847572793 373674498
185091406 70533195
541178538 2684053606
381532375 387949689
119898851 137131427
499086313 387949689
1032091164 2289068064
